2
3
6
7
9
15
18
19
22
23
24
28
29
31
33
37
38
49
50
54
57
58
61
63
64
65
69
70
72
73
78
85
90
98
99
106
108
111
115
117
126
129
131
133
135
140
141
142
145
148
154
160
162
165
166
174
176
180
184
188
189
190
194
203
206
209
210
214
215
217
218
220
221
223
229
230
232
236
237
238
239
244
245
248
250
251
254
259
260
261
262
269
275
276
279
281
284
285
291
292
293
294
295
297
301
302
304
306
310
313
318
319
321
322
324
326
328
329
332
335
336
339
345
347
352
357
358
360
361
363
364
365
368
369
370
372
375
376
377
379
383
384
385
387
392
394
395
402
403
405
407
408
412
413
415
422
425
430
433
434
435
438
440
443
446
447
451
454
456
459
461
463
467
469
470
471
473
478
483
485
486
487
489
491
492
494
499
501
505
508
515
517
520
521
526
531
532
534
539
546
553
555
568
571
574
575
577
582
583
584
588
590
606
607
610
612
613
614
615
618
623
624
627
628
629
633
635
638
639
641
645
646
652
655
656
657
659
663
665
667
670
671
672
674
675
676
681
682
683
684
686
689
690
691
697
698
702
705
709
712
713
722
723
724
726
727
732
737
741
749
751
755
759
760
761
765
766
768
770
772
773
774
776
778
781
782
787
789
790
792
797
798
803
805
806
807
808
809
814
819
825
826
829
837
840
842
845
846
847
851
856
857
859
862
864
867
868
870
875
876
884
888
891
894
899
901
902
904
905
910
912
913
915
921
925
927
928
929
932
936
941
944
948
952
962
964
965
967
968
969
970
971
974
979
984
987
989
990
991
992
994
996
997
998
999
1000
1001
1002
1005
1006
1009
1016
1017
1019
1020
1023
1028
1029
1032
1033
1038
1042
1045
1049
1052
1054
1055
1060
1061
1063
1066
1067
1068
1071
1072
1073
1082
1084
1095
1096
1101
1103
1108
1109
1110
1111
1118
1120
1121
1127
1128
1129
1130
1131
1133
1134
1135
1141
1143
1144
1149
1151
1152
1153
1157
1158
1161
1163
1164
1165
1167
1169
1172
1177
1180
1181
1184
1188
1189
1190
1191
1193
1195
1202
1203
1208
1209
1210
1215
1222
1224
1231
1235
1241
1246
1249
1252
1255
1258
1261
1263
1264
1268
1270
1271
1273
1274
1279
1280
1293
1295
1297
1300
1301
1306
1307
1308
1310
1312
1313
1322
1326
1329
1331
1332
1333
1337
1341
1342
1345
1348
1356
1357
1360
1364
1374
1376
1378
1383
1385
1403
1404
1406
1408
1409
1410
1411
1414
1416
1418
1419
1420
1423
1426
1429
1430
1432
1437
1439
1449
1451
1452
1453
1454
1459
1462
1463
1464
1471
1472
1473
1476
1477
1481
1483
1484
1488
1489
1490
1491
1492
1495
1498
1500
1501
1502
1505
1506
1508
1510
1518
1521
1522
1524
1527
1530
1531
1532
1534
1535
1538
1545
1551
1553
1554
1556
1563
1566
1568
1572
1573
1574
1578
1582
1583
1592
1597
1602
1603
1605
1607
1608
1609
1611
1612
1613
1614
1618
1620
1622
1625
1629
1631
1633
1636
1637
1641
1646
1647
1650
1657
1662
1663
1664
1665
1667
1668
1670
1672
1674
1677
1680
1682
1685
1686
1689
1693
1694
1695
1697
1699
1701
1706
1716
1717
1719
1721
1722
1724
1728
1734
1739
1740
1741
1742
1744
1746
1748
1749
1751
1754
1757
1763
1764
1770
1772
1773
1775
1776
1777
1780
1786
1788
1792
1793
1796
1798
1800
1801
1803
1804
1806
1807
1809
1810
1812
1813
1817
1822
1827
1828
1832
1833
1843
1845
1847
1848
1853
1856
1857
1861
1864
1865
1872
1873
1874
1877
1881
1883
1885
1888
1890
1891
1893
1897
1901
1902
1903
1904
1905
1906
1907
1908
1910
1911
1913
1914
1927
1928
1930
1932
1933
1936
1938
1939
1945
1950
1951
1954
1957
1958
1959
1962
1965
1968
1969
1971
1972
1975
1980
1981
1984
1985
1986
1991
1994
1996
1997
2002
2003
2004
2005
2010
2015
2018
2019
2020
2021
2023
2026
2027
2028
2029
2031
2035
2036
2037
2038
2044
2048
2050
2051
2052
2053
2054
2057
2059
2060
2061
2062
2064
2066
2068
2074
2075
2077
2079
2083
2086
2088
2089
2090
2091
2093
2094
2095
2106
2109
2118
2119
2122
2123
2124
2127
2128
2131
2138
2139
2141
2146
2147
2150
2153
2154
2156
2158
2160
2162
2164
2166
2173
2174
2175
2177
2178
2180
2181
2184
2185
2186
2191
2194
2195
2197
2199
2200
2205
2210
2212
2218
2221
2225
2226
2227
2229
2231
2235
2239
2243
2245
2248
2253
2254
2260
2262
2263
2265
2270
2271
2272
2273
2274
2275
2278
2280
2282
2283
2286
2291
2299
2300
2303
2306
2307
2310
2311
2312
2315
2320
2324
2328
2329
2330
2331
2334
2344
2346
2349
2350
2351
2355
2358
2359
2364
2365
2367
2371
2372
2375
2376
2379
2380
2386
2387
2390
2391
2393
2394
2395
2401
2408
2411
2413
2414
2418
2420
2421
2422
2426
2436
2438
2440
2445
2452
2455
2457
2458
2460
2461
2462
2465
2467
2469
2473
2475
2479
2481
2482
2487
2488
2489
2490
2491
2492
2494
2499
2500
2502
2504
2505
2506
2509
2510
2514
2516
2517
2519
2521
2522
2528
2529
2530
2531
2536
2537
2538
2539
2542
2543
2544
2548
2550
2553
2556
2557
2562
2565
2566
2567
2568
2571
2572
2573
2574
2575
2579
2584
2586
2590
2591
2592
2598
2600
2606
2607
2608
2617
2618
2621
2623
2625
2627
2631
2633
2635
2636
2637
2639
2642
2644
2645
2646
2647
2649
2651
2652
2653
2655
2657
2658
2660
2662
2663
2664
2669
2671
2672
2674
2676
2678
2681
2683
2684
2691
2692
2693
2699
2700
2702
2705
2706
2707
2711
2713
2714
2720
2721
2722
2723
2726
2731
2735
2739
2743
2744
2746
2748
2750
2751
2753
2754
2755
2757
2758
2762
2764
2766
2767
2773
2777
2778
2780
2781
2784
2786
2787
2791
2793
2796
2797
2808
2811
2813
2816
2817
2822
2824
2825
2827
2829
2832
2833
2834
2836
2841
2842
2843
2844
2847
2854
2857
2859
2860
2866
2868
2870
2874
2875
2880
2883
2888
2891
2894
2895
2897
2901
2902
2903
2905
2908
2909
2915
2917
2918
2919
2923
2925
2926
2929
2930
2933
2938
2942
2948
2950
2951
2953
2954
2956
2957
2958
2962
2963
2965
2968
2973
2978
2979
2980
2981
2985
2986
2988
2993
2994
2996
2999
3000
3005
3007
3010
3013
3014
3016
3020
3021
3022
3023
3025
3030
3031
3035
3037
3038
3047
3050
3052
3053
3057
3059
3061
3062
3063
3064
3070
3071
3079
3080
3081
3083
3088
3091
3092
3095
3096
3097
3099
3101
3102
3103
3104
3107
3108
3110
3112
3114
3116
3122
3125
3126
3127
3130
3132
3133
3136
3144
3145
3150
3155
3158
3159
3165
3172
3173
3175
3177
3180
3183
3186
3189
3192
3194
3195
3197
3200
3203
3204
3205
3210
3211
3217
3218
3221
3223
3224
3225
3229
3231
3232
3237
3240
3242
3243
3244
3245
3246
3247
3248
3249
3251
3259
3264
3265
3267
3270
3273
3276
3281
3283
3288
3292
3297
3298
3299
3304
3306
3307
3310
3312
3315
3317
3319
3321
3322
3326
3332
3333
3334
3335
3336
3337
3339
3340
3341
3343
3344
3345
3346
3350
3357
3358
3359
3364
3366
3367
3373
3374
3380
3381
3388
3389
3393
3401
3405
3408
3409
3410
3413
3414
3417
3421
3423
3424
3427
3430
3432
3439
3442
3445
3446
3450
3451
3452
3453
3455
3456
3457
3458
3464
3465
3466
3469
3470
3471
3474
3484
3486
3487
3489
3490
3496
3498
3500
3502
3504
3505
3507
3508
3509
3510
3512
3513
3517
3520
3528
3530
3532
3533
3534
3535
3540
3541
3544
3545
3547
3549
3552
3554
3555
3556
3558
3567
3571
3575
3576
3577
3578
3582
3584
3590
3594
3595
3596
3598
3602
3606
3607
3609
3614
3616
3617
3619
3621
3623
3626
3627
3630
3640
3644
3646
3647
3648
3651
3657
3661
3663
3669
3673
3677
3678
3680
3686
3690
3694
3695
3696
3697
3698
3700
3702
3704
3705
3706
3709
3713
3714
3728
3732
3733
3735
3737
3738
3742
3744
3745
3751
3756
3763
3764
3767
3770
3772
3773
3774
3778
3782
3784
3786
3788
3789
3790
3791
3793
3798
3799
3800
3802
3803
3805
3806
3808
3810
3811
3814
3815
3817
3818
3820
3827
3828
3829
3830
3835
3837
3840
3844
3845
3847
3850
3852
3853
3854
3857
3859
3867
3869
3870
3873
3874
3877
3878
3879
3881
3889
3891
3894
3895
3897
3898
3902
3904
3905
3906
3907
3911
3913
3915
3916
3917
3918
3921
3929
3931
3933
3934
3936
3937
3938
3939
3942
3944
3946
3948
3951
3952
3955
3957
3958
3966
3969
3970
3973
3974
3977
3979
3980
3985
3986
3987
3988
3992
3994
3999
4000
4002
4005
4006
4009
4010
4015
4016
4019
4020
4022
4034
4037
4042
4043
4044
4049
4051
4053
4057
4060
4061
4067
4068
4070
4074
4076
4079
4080
4081
4082
4083
4084
4085
4087
4091
4094
4096
4099
4100
4101
4103
4105
4109
4111
4113
4115
4118
4120
4131
4134
4149
4151
4154
4157
4163
4165
4167
4180
4182
4185
4186
4189
4192
4193
4195
4199
4200
4208
4216
4218
4220
4222
4228
4229
4230
4232
4235
4238
4239
4240
4243
4245
4246
4247
4249
4250
4251
4252
4259
4260
4263
4267
4271
4272
4276
4277
4279
4280
4282
4284
4285
4288
4290
4291
4298
4301
4305
4306
4307
4309
4311
4312
4316
4317
4320
4321
4323
4324
4326
4329
4335
4343
4345
4346
4347
4359
4364
4369
4370
4371
4377
4381
4383
4384
4386
4389
4390
4394
4397
4402
4403
4404
4410
4412
4413
4414
4416
4418
4419
4420
4421
4422
4427
4432
4437
4438
4439
4440
4443
4444
4446
4450
4452
4454
4455
4461
4462
4465
4468
4473
4477
4480
4486
4488
4492
4493
4495
4500
4501
4505
4506
4507
4508
4509
4510
4516
4517
4518
4519
4520
4522
4524
4525
4529
4532
4533
4534
4536
4538
4541
4542
4543
4544
4550
4551
4552
4554
4562
4574
4577
4580
4584
4586
4588
4589
4592
4594
4597
4598
4600
4605
4607
4608
4610
4611
4612
4616
4617
4624
4625
4626
4627
4629
4631
4635
4636
4639
4641
4642
4644
4652
4654
4658
4662
4667
4670
4672
4673
4681
4684
4685
4688
4691
4694
4698
4708
4712
4715
4718
4721
4723
4724
4741
4745
4747
4750
4753
4758
4762
4764
4765
4766
4767
4773
4775
4776
4778
4780
4783
4786
4788
4790
4792
4798
4799
4802
4804
4805
4809
4810
4811
4813
4815
4816
4817
4819
4820
4822
4823
4824
4825
4826
4827
4828
4830
4832
4835
4841
4849
4851
4856
4857
4859
4861
4862
4867
4868
4869
4873
4875
4882
4886
4887
4891
4895
4897
4901
4902
4903
4904
4907
4911
4916
4919
4921
4922
4925
4932
4933
4935
4936
4940
4941
4943
4945
4951
4952
4954
4957
4958
4959
4960
4961
4962
4968
4972
4974
4976
4978
4981
4982
4983
4984
4985
4986
4987
4989
4994
4996
4999
5000
5001
5003
5008
5018
5020
5022
5025
5032
5033
5039
5040
5041
5048
5051
5052
5055
5056
5061
5064
5065
5069
5070
5072
5074
5075
5078
5079
5080
5082
5084
5088
5089
5090
5091
5093
5094
5095
5097
5100
5101
5102
5107
5109
5110
5113
5114
5115
5117
5119
5121
5126
5134
5136
5140
5142
5144
5147
5148
5150
5154
5156
5159
5162
5164
5165
5166
5167
5170
5171
5175
5176
5177
5179
5180
5181
5182
5183
5184
5187
5188
5190
5191
5196
5199
5201
5203
5206
5208
5210
5215
5217
5221
5226
5227
5228
5229
5230
5232
5233
5237
5241
5242
5243
5244
5249
5254
5255
5260
5262
5266
5267
5268
5273
5277
5278
5281
5282
5283
5287
5292
5293
5295
5297
5298
5299
5300
5301
5306
5307
5309
5311
5312
5315
5319
5320
5322
5324
5326
5327
5331
5332
5336
5337
5338
5341
5346
5347
5349
5350
5355
5356
5360
5361
5362
5365
5367
5370
5375
5378
5381
5384
5386
5388
5392
5394
5395
5398
5399
5404
5406
5409
5412
5418
5421
5422
5431
5434
5435
5437
5440
5446
5452
5455
5462
5466
5470
5471
5472
5473
5474
5476
5478
5480
5481
5482
5483
5486
5487
5489
5491
5492
5495
5497
5498
5499
5501
5503
5504
5507
5508
5512
5513
5514
5516
5517
5519
5521
5522
5523
5524
5527
5530
5534
5536
5540
5542
5545
5548
5552
5555
5556
5558
5561
5563
5564
5568
5572
5573
5575
5576
5579
5581
5583
5586
5587
5590
5593
5596
5597
5599
5601
5604
5605
5609
5610
5615
5619
5620
5621
5623
5625
5626
5627
5628
5630
5632
5633
5634
5636
5643
5645
5647
5648
5649
5652
5655
5656
5661
5662
5668
5669
5670
5672
5673
5674
5675
5677
5678
5682
5685
5690
5695
5699
5701
5704
5705
5706
5710
5711
5714
5722
5723
5724
5728
5729
5730
5733
5734
5739
5741
5748
5750
5754
5759
5760
5761
5763
5764
5768
5770
5771
5773
5774
5776
5778
5783
5790
5794
5795
5797
5800
5807
5814
5815
5816
5817
5818
5819
5825
5829
5830
5835
5838
5840
5845
5849
5851
5852
5854
5856
5858
5862
5863
5865
5866
5873
5879
5880
5881
5883
5884
5886
5889
5900
5901
5904
5905
5906
5907
5909
5912
5916
5918
5925
5926
5932
5934
5935
5937
5938
5940
5942
5944
5949
5950
5959
5961
5963
5964
5966
5970
5972
5975
5979
5984
5987
5988
5996
5997
5998
6000
6002
6003
6005
6006
6007
6016
6018
6021
6022
6024
6025
6027
6028
6029
6035
6036
6037
6038
6039
6041
6045
6050
6055
6056
6057
6059
6060
6061
6062
6064
6068
6069
6071
6073
6074
6076
6081
6082
6085
6086
6089
6090
6091
6094
6098
6107
6108
6110
6114
6115
6118
6119
6122
6129
6130
6131
6133
6134
6136
6137
6138
6143
6148
6150
6154
6166
6168
6171
6173
6174
6175
6178
6179
6181
6182
6184
6187
6188
6193
6197
6199
6200
6203
6213
6214
6215
6216
6217
6218
6220
6224
6230
6232
6234
6237
6238
6240
6241
6242
6246
6248
6251
6253
6254
6256
6258
6260
6262
6263
6266
6267
6268
6274
6275
6276
6277
6278
6282
6286
6292
6296
6298
6300
6301
6306
6307
6308
6311
6312
6314
6315
6320
6324
6327
6329
6335
6336
6339
6341
6342
6343
6344
6345
6346
6347
6351
6355
6357
6361
6362
6363
6364
6368
6371
6372
6373
6377
6378
6379
6380
6381
6382
6383
6384
6387
6392
6393
6400
6402
6403
6405
6412
6417
6420
6421
6431
6440
6443
6444
6448
6451
6457
6458
6461
6462
6463
6471
6477
6483
6484
6485
6489
6491
6493
6494
6495
6496
6499
6509
6512
6518
6520
6521
6522
6523
6531
6533
6538
6540
6541
6542
6545
6547
6550
6551
6552
6555
6557
6558
6562
6563
6564
6566
6569
6570
6572
6573
6574
6576
6578
6580
6583
6587
6588
6591
6597
6599
6602
6603
6607
6611
6614
6615
6618
6620
6628
6629
6635
6638
6640
6643
6644
6648
6649
6654
6658
6662
6664
6667
6668
6674
6675
6677
6680
6683
6685
6687
6689
6690
6691
6692
6693
6696
6698
6699
6701
6703
6714
6718
6719
6722
6725
6727
6728
6729
6734
6735
6737
6738
6739
6742
6753
6754
6755
6758
6759
6760
6761
6763
6764
6766
6771
6772
6775
6778
6779
6781
6784
6786
6788
6790
6792
6794
6800
6801
6802
6804
6807
6815
6816
6821
6824
6825
6830
6833
6834
6838
6841
6842
6847
6854
6856
6857
6858
6866
6867
6868
6870
6872
6874
6878
6879
6881
6883
6884
6885
6892
6893
6897
6900
6902
6903
6907
6908
6909
6910
6911
6912
6913
6917
6925
6929
6932
6933
6935
6937
6938
6939
6940
6941
6942
6944
6945
6948
6949
6951
6952
6955
6957
6962
6964
6966
6968
6969
6970
6977
6978
6979
6980
6981
6982
6984
6993
6994
6995
6997
6998
7002
7003
7006
7009
7011
7018
7022
7023
7026
7031
7032
7034
7035
7038
7039
7045
7047
7048
7052
7053
7054
7055
7058
7059
7061
7062
7065
7066
7069
7071
7076
7077
7089
7090
7091
7093
7102
7103
7107
7110
7112
7117
7118
7122
7123
7126
7133
7136
7145
7148
7149
7155
7158
7159
7161
7162
7163
7168
7171
7172
7177
7178
7183
7187
7188
7193
7195
7196
7199
7201
7202
7203
7208
7214
7215
7218
7219
7226
7231
7234
7236
7238
7240
7242
7243
7245
7246
7247
7248
7252
7260
7262
7263
7266
7267
7269
7272
7277
7278
7283
7284
7285
7286
7293
7297
7298
7299
7301
7302
7303
7304
7307
7309
7310
7312
7314
7317
7320
7323
7325
7326
7330
7331
7332
7339
7340
7344
7345
7348
7354
7355
7358
7360
7361
7365
7367
7370
7377
7381
7382
7387
7388
7392
7393
7396
7400
7401
7402
7408
7409
7410
7414
7417
7420
7423
7424
7425
7427
7428
7431
7432
7437
7438
7440
7443
7445
7453
7455
7456
7465
7471
7472
7476
7477
7478
7479
7480
7486
7489
7491
7493
7497
7498
7501
7508
7512
7513
7516
7522
7523
7525
7526
7528
7529
7531
7532
7537
7538
7541
7545
7549
7550
7553
7554
7556
7557
7559
7561
7563
7564
7565
7571
7577
7582
7585
7586
7588
7589
7590
7595
7597
7599
7600
7603
7604
7610
7611
7612
7613
7614
7616
7617
7618
7620
7626
7627
7631
7634
7635
7640
7641
7650
7651
7653
7656
7660
7662
7664
7668
7670
7674
7677
7681
7682
7685
7687
7689
7690
7695
7699
7700
7701
7702
7704
7707
7708
7709
7711
7712
7713
7718
7722
7729
7731
7732
7734
7737
7738
7740
7741
7742
7743
7746
7748
7749
7750
7751
7754
7755
7757
7762
7763
7766
7768
7772
7774
7775
7777
7780
7783
7784
7786
7787
7788
7789
7790
7791
7793
7796
7797
7798
7801
7802
7804
7807
7809
7813
7815
7816
7820
7824
7828
7829
7830
7834
7838
7839
7844
7849
7850
7852
7853
7856
7858
7860
7865
7870
7871
7875
7878
7880
7882
7886
7891
7893
7894
7895
7896
7900
7907
7911
7912
7914
7917
7918
7919
7920
7924
7929
7931
7932
7933
7934
7935
7936
7938
7941
7942
7943
7946
7949
7952
7958
7959
7963
7968
7973
7974
7975
7981
7982
7985
7986
7987
7989
7992
7993
7994
8000
8001
8002
8003
8008
8011
8012
8013
8015
8019
8020
8022
8023
8027
8028
8029
8034
8037
8043
8047
8048
8049
8052
8056
8057
8060
8065
8066
8068
8070
8077
8080
8082
8083
8084
8085
8087
8090
8093
8094
8095
8097
8098
8099
8102
8104
8109
8110
8112
8113
8116
8118
8120
8121
8125
8126
8127
8129
8134
8135
8139
8141
8149
8151
8152
8158
8159
8161
8163
8168
8180
8182
8184
8185
8186
8187
8188
8193
8195
8198
8199
8201
8205
8206
8210
8211
8213
8214
8215
8216
8218
8219
8227
8234
8235
8237
8238
8240
8242
8244
8246
8247
8248
8249
8252
8254
8255
8258
8259
8263
8270
8272
8275
8281
8282
8283
8290
8294
8298
8302
8305
8309
8311
8313
8314
8318
8320
8322
8325
8326
8328
8329
8330
8333
8341
8347
8349
8350
8351
8354
8358
8359
8360
8362
8363
8366
8367
8368
8369
8372
8373
8375
8376
8378
8380
8381
8383
8384
8387
8389
8391
8392
8396
8397
8403
8408
8410
8412
8413
8416
8417
8418
8420
8423
8424
8426
8432
8436
8438
8439
8440
8444
8445
8446
8449
8452
8457
8470
8472
8478
8479
8480
8483
8484
8491
8496
8497
8501
8503
8505
8508
8509
8511
8512
8514
8515
8522
8523
8526
8527
8529
8532
8535
8536
8541
8545
8546
8547
8548
8549
8550
8551
8552
8553
8556
8557
8558
8559
8560
8561
8562
8563
8564
8567
8569
8572
8577
8579
8582
8584
8586
8589
8594
8595
8596
8597
8599
8604
8610
8611
8612
8613
8615
8616
8622
8623
8625
8627
8630
8633
8634
8637
8643
8644
8645
8647
8652
8653
8655
8657
8658
8659
8664
8666
8672
8673
8674
8679
8683
8686
8687
8689
8690
8692
8694
8696
8699
8704
8705
8709
8713
8718
8721
8724
8728
8731
8733
8734
8735
8736
8740
8741
8745
8751
8752
8754
8755
8762
8769
8772
8775
8777
8780
8781
8782
8785
8786
8790
8792
8797
8801
8802
8803
8805
8809
8812
8814
8819
8820
8826
8827
8828
8832
8833
8834
8837
8838
8839
8840
8841
8844
8845
8855
8856
8857
8858
8859
8861
8863
8865
8867
8868
8871
8877
8878
8879
8881
8883
8884
8885
8886
8890
8895
8897
8898
8903
8906
8910
8915
8917
8919
8920
8929
8930
8932
8937
8940
8942
8943
8946
8947
8949
8951
8952
8953
8954
8955
8960
8961
8967
8968
8969
8971
8975
8976
8977
8978
8980
8984
8985
8992
8996
8997
8998
8999
9000
9001
9002
9003
9005
9006
9007
9008
9009
9011
9013
9014
9015
9016
9018
9022
9026
9028
9030
9033
9035
9036
9038
9039
9044
9051
9052
9060
9061
9063
9065
9068
9075
9076
9077
9079
9082
9084
9085
9087
9091
9097
9099
9101
9113
9121
9127
9132
9134
9135
9136
9137
9139
9140
9141
9144
9145
9148
9150
9151
9153
9154
9156
9157
9160
9162
9165
9166
9170
9173
9175
9178
9179
9180
9189
9190
9192
9194
9195
9196
9197
9205
9207
9209
9213
9214
9218
9220
9221
9222
9223
9226
9228
9233
9234
9235
9237
9238
9239
9241
9242
9243
9249
9250
9253
9255
9256
9258
9260
9261
9264
9269
9271
9272
9277
9285
9290
9295
9300
9301
9305
9306
9308
9309
9311
9314
9315
9318
9320
9321
9322
9323
9325
9326
9329
9332
9334
9335
9336
9337
9338
9341
9343
9347
9348
9349
9350
9352
9357
9358
9359
9362
9364
9366
9367
9370
9374
9378
9384
9385
9389
9390
9393
9398
9400
9403
9410
9412
9414
9416
9419
9420
9424
9429
9431
9435
9439
9441
9443
9447
9454
9455
9456
9458
9459
9460
9462
9467
9470
9471
9472
9474
9478
9482
9483
9485
9487
9488
9492
9493
9494
9495
9496
9499
9502
9503
9505
9520
9524
9526
9531
9534
9535
9539
9543
9544
9545
9552
9554
9557
9561
9564
9567
9568
9569
9573
9575
9577
9582
9583
9586
9590
9593
9596
9597
9599
9600
9601
9604
9611
9613
9615
9616
9617
9619
9620
9621
9623
9624
9625
9627
9628
9629
9633
9634
9637
9646
9649
9650
9652
9654
9658
9660
9662
9665
9667
9670
9674
9675
9676
9678
9680
9682
9685
9686
9688
9689
9690
9693
9694
9695
9697
9698
9706
9710
9715
9717
9721
9722
9725
9737
9739
9743
9745
9751
9756
9760
9761
9763
9766
9770
9773
9775
9776
9777
9778
9779
9782
9787
9789
9795
9797
9799
9801
9803
9807
9809
9810
9819
9821
9822
9827
9829
9839
9841
9843
9844
9855
9858
9863
9864
9865
9866
9869
9871
9872
9877
9882
9883
9884
9885
9886
9890
9891
9893
9894
9896
9898
9902
9908
9914
9917
9918
9919
9920
9921
9929
9930
9931
9932
9936
9937
9943
9944
9946
9948
9949
9951
9955
9959
9960
9966
9968
9972
9973
9977
9979
9982
9984
9986
9987
9989
9996
9997
10000
10002
10004
10006
10008
10010
10012
10015
10019
10023
10024
10026
10027
10029
10039
10043
10045
10047
10048
10055
10056
10057
10058
10061
10067
10070
10071
10073
10080
10085
10087
10089
10095
10099
10100
10102
10104
10106
10109
10111
10119
10122
10123
10128
10130
10131
10136
10139
10140
10142
10143
10145
10147
10155
10156
10159
10160
10161
10162
10165
10167
10174
10182
10186
10187
10191
10194
10196
10199
10200
10201
10206
10208
10210
10214
10215
10217
10218
10221
10222
10225
10227
10230
10232
10237
10239
10248
10250
10253
10254
10255
10257
10258
10259
10268
10269
10270
10272
10273
10278
10280
10281
10282
10294
10299
10306
10315
10317
10321
10325
10331
10333
10334
10335
10338
10342
10345
10352
10353
10358
10360
10362
10363
10367
10369
10371
10376
10379
10380
10382
10384
10385
10386
10387
10392
10393
10395
10397
10399
10405
10407
10408
10411
10414
10419
10422
10426
10433
10436
10437
10438
10439
10441
10449
10451
10453
10460
10462
10463
10467
10469
10471
10476
10480
10481
10482
10484
10485
10488
10489
10494
10499
10501
10504
10511
10516
10517
10519
10520
10524
10527
10530
10531
10532
10534
10537
10542
10544
10545
10546
10550
10551
10553
10562
10564
10565
10568
10569
10573
10574
10578
10579
10581
10583
10584
10587
10590
10594
10599
10602
10603
10605
10608
10609
10613
10616
10617
10620
10622
10625
10631
10633
10635
10636
10638
10643
10644
10645
10648
10659
10660
10662
10666
10667
10668
10669
10670
10674
10678
10680
10682
10684
10689
10690
10704
10708
10709
10712
10713
10716
10717
10719
10720
10721
10737
10741
10742
10745
10746
10748
10749
10754
10755
10758
10759
10761
10765
10766
10767
10768
10771
10780
10783
10784
10785
10788
10789
10790
10791
10793
10797
10803
10806
10807
10810
10812
10813
10816
10817
10820
10822
10823
10828
10831
10833
10836
10837
10844
10845
10847
10848
10850
10852
10853
10854
10856
10859
10863
10867
10870
10872
10873
10874
10876
10877
10878
10879
10888
10889
10891
10892
10895
10900
10902
10905
10906
10908
10910
10911
10917
10924
10925
10926
10928
10929
10931
10935
10939
10940
10942
10943
10945
10946
10947
10948
10952
10954
10959
10962
10963
10965
10967
10968
10974
10975
10976
10979
10981
10990
10991
10995
10998
11000
11001
11002
11003
11004
11006
11007
11013
11016
11017
11019
11023
11024
11029
11032
11034
11036
11041
11047
11049
11050
11055
11057
11059
11060
11061
11065
11067
11068
11073
11075
11076
11082
11083
11085
11087
11089
11091
11093
11094
11099
11105
11106
11107
11108
11110
11111
11112
11116
11122
11123
11127
11129
11132
11136
11140
11142
11143
11144
11145
11146
11155
11159
11163
11164
11165
11168
11169
11170
11172
11174
11176
11179
11183
11188
11190
11191
11192
11197
11204
11205
11208
11213
11216
11219
11224
11227
11228
11230
11235
11236
11237
11240
11241
11243
11245
11247
11248
11250
11252
11256
11263
11264
11265
11267
11275
11277
11280
11288
11289
11295
11296
11298
11299
11300
11302
11305
11307
11311
11314
11316
11317
11319
11320
11321
11322
11323
11328
11329
11330
11333
11335
11343
11344
11347
11349
11351
11353
11354
11356
11361
11362
11363
11369
11376
11378
11381
11385
11386
11389
11393
11395
11398
11399
11403
11407
11412
11413
11419
11421
11422
11423
11424
11430
11439
11442
11443
11444
11447
11448
11452
11453
11454
11457
11458
11461
11467
11471
11474
11476
11477
11478
11479
11480
11483
11484
11486
11488
11490
11493
11496
11497
11501
11503
11504
11507
11510
11521
11524
11525
11526
11527
11528
11534
11536
11538
11540
11544
11546
11548
11549
11551
11555
11556
11559
11565
11567
11568
11570
11571
11574
11575
11577
11578
11579
11581
11582
11583
11584
11585
11590
11591
11593
11594
11599
11600
11602
11603
11610
11613
11614
11616
11624
11625
11628
11635
11638
11645
11648
11653
11654
11655
11658
11659
11661
11665
11666
11669
11670
11671
11672
11676
11679
11681
11685
11686
11691
11692
11693
11696
11697
11698
11702
11705
11706
11708
11711
11712
11713
11714
11717
11718
11720
11723
11726
11727
11728
11731
11732
11736
11744
11745
11746
11747
11753
11756
11759
11760
11774
11775
11779
11780
11781
11795
11800
11803
11807
11808
11811
11812
11813
11817
11820
11829
11830
11834
11837
11841
11844
11845
11846
11848
11850
11853
11854
11855
11857
11859
11863
11866
11868
11869
11874
11878
11879
11880
11882
11884
11885
11889
11890
11892
11896
11899
11900
11902
11908
11913
11915
11916
11917
11923
11924
11925
11926
11930
11931
11934
11935
11938
11941
11942
11943
11945
11946
11949
11951
11952
11955
11956
11957
11958
11961
11962
11963
11964
11966
11967
11969
11970
11971
11976
11979
11984
11986
11988
11990
11995
11998
11999
12000
12001
12005
12007
12009
12011
12015
12019
12021
12022
12025
12026
12033
12036
12042
12045
12047
12050
12051
12054
12057
12058
12059
12061
12064
12066
12068
12069
12077
12085
12088
12092
12093
12100
12108
12111
12114
12115
12116
12117
12126
12131
12133
12135
12136
12137
12140
12146
12149
12150
12151
12152
12153
12154
12158
12162
12163
12165
12166
12167
12170
12171
12174
12175
12177
12179
12180
12182
12183
12186
12187
12188
12189
12192
12194
12200
12203
12206
12211
12212
12218
12223
12227
12228
12233
12235
12236
12239
12241
12249
12253
12254
12256
12258
12265
12267
12270
12272
12275
12278
12280
12281
12284
12288
12289
12290
12294
12295
12296
12300
12303
12306
12308
12310
12312
12314
12316
12318
12319
12321
12324
12325
12326
12327
12328
12330
12338
12341
12343
12344
12346
12347
12350
12351
12353
12355
12356
12357
12358
12360
12363
12365
12367
12368
12369
12372
12374
12375
12377
12379
12380
12381
12382
12384
12386
12388
12389
12393
12394
12395
12397
12398
12401
12403
12404
12406
12407
12408
12411
12413
12414
12417
12419
12422
12423
12424
12425
12427
12430
12432
12433
12438
12441
12443
12444
12447
12450
12455
12457
12462
12467
12469
12473
12477
12488
12490
12494
12495
12499
12502
12505
12506
12507
12510
12512
12514
12516
12518
12525
12530
12531
12537
12538
12540
12541
12542
12544
12545
12548
12555
12557
12559
12570
12572
12574
12585
12592
12594
12598
12605
12608
12613
12615
12616
12617
12618
12619
12620
12621
12622
12625
12632
12633
12634
12635
12637
12638
12640
12647
12650
12653
12654
12655
12656
12658
12662
12663
12665
12667
12671
12676
12681
12682
12683
12684
12685
12686
12692
12693
12694
12697
12698
12700
12701
12702
12710
12712
12713
12714
12716
12718
12719
12721
12726
12727
12728
12729
12731
12732
12737
12739
12740
12741
12743
12744
12745
12747
12748
12753
12754
12756
12759
12761
12762
12765
12767
12773
12774
12775
12776
12777
12781
12786
12787
12788
12791
12792
12794
12795
12796
12797
12799
12804
12805
12806
12808
12809
12810
12812
12814
12817
12818
12820
12822
12823
12824
12827
12837
12839
12841
12843
12844
12848
12853
12854
12856
12862
12867
12868
12869
12870
12872
12874
12876
12877
12878
12880
12882
12883
12886
12893
12895
12898
12903
12906
12915
12917
12921
12924
12925
12926
12928
12929
12931
12932
12933
12941
12948
12951
12953
12954
12956
12958
12960
12962
12963
12967
12970
12971
12973
12976
12982
12985
12988
12989
12991
12992
12994
13000
13001
13002
13004
13006
13007
13008
13009
13020
13021
13023
13024
13027
13029
13030
13031
13032
13034
13036
13038
13043
13045
13046
13052
13054
13055
13056
13058
13061
13062
13063
13065
13066
13067
13072
13073
13074
13076
13079
13082
13083
13084
13086
13096
13097
13098
13099
13100
13103
13111
13112
13113
13114
13117
13118
13119
13121
13124
13130
13131
13134
13139
13143
13144
13145
13147
13150
13156
13161
13164
13165
13168
13169
13172
13173
13175
13176
13178
13181
13182
13185
13186
13190
13191
13193
13195
13199
13200
13202
13212
13219
13233
13239
13240
13241
13242
13243
13245
13254
13259
13262
13266
13273
13274
13284
13288
13291
13293
13295
13297
13299
13300
13302
13304
13309
13312
13313
13321
13324
13325
13327
13330
13331
13332
13333
13339
13341
13342
13349
13350
13351
13352
13355
13356
13364
13368
13369
13370
13374
13375
13378
13379
13380
13389
13390
13391
13392
13393
13395
13397
13399
13411
13412
13414
13415
13416
13417
13418
13422
13423
13426
13427
13428
13430
13433
13435
13436
13437
13438
13439
13442
13445
13448
13449
13450
13452
13458
13460
13462
13465
13466
13467
13471
13472
13475
13477
13481
13484
13486
13487
13488
13489
13490
13492
13494
13495
13496
13497
13504
13506
13509
13510
13512
13513
13515
13516
13519
13522
13523
13524
13525
13526
13527
13528
13534
13537
13538
13541
13544
13552
13554
13555
13558
13559
13561
13563
13571
13573
13574
13576
13577
13578
13582
13585
13586
13590
13592
13600
13602
13604
13606
13607
13611
13616
13617
13621
13622
13623
13624
13627
13628
13629
13631
13632
13635
13638
13639
13642
13645
13646
13647
13648
13650
13652
13655
13659
13662
13663
13666
13669
13670
13672
13675
13681
13684
13685
13690
13691
13692
13695
13697
13702
13703
13704
13705
13710
13711
13712
13717
13718
13719
13720
13721
13722
13723
13724
13727
13728
13733
13734
13735
13736
13738
13741
13742
13744
13745
13747
13754
13756
13757
13763
13765
13766
13768
13770
13771
13776
13780
13783
13785
13792
13793
13795
13797
13800
13802
13806
13810
13813
13816
13820
13822
13826
13827
13828
13832
13836
13842
13849
13850
13851
13852
13853
13857
13861
13862
13868
13871
13872
13874
13877
13879
13881
13885
13889
13890
13891
13895
13896
13898
13899
13900
13901
13905
13906
13907
13909
13910
13912
13914
13917
13918
13919
13920
13923
13925
13930
13931
13932
13933
13934
13935
13937
13938
13939
13942
13947
13950
13953
13956
13963
13967
13970
13974
13975
13976
13978
13980
13981
13982
13983
13984
13989
13991
13992
13995
13996
13997
13998
14008
14011
14012
14016
14017
14018
14024
14025
14030
14031
14032
14033
14036
14040
14041
14043
14044
14045
14050
14052
14055
14056
14058
14060
14061
14066
14068
14074
14077
14080
14081
14084
14085
14086
14087
14091
14092
14094
14096
14097
14099
14101
14102
14103
14105
14107
14108
14109
14111
14115
14116
14117
14118
14123
14132
14135
14141
14146
14148
14155
14159
14162
14163
14164
14165
14166
14180
14182
14185
14189
14190
14193
14194
14195
14198
14199
14201
14205
14206
14208
14209
14212
14215
14216
14218
14230
14232
14236
14237
14239
14241
14243
14245
14247
14248
14253
14256
14258
14262
14263
14265
14268
14269
14271
14274
14276
14283
14284
14287
14291
14294
14306
14307
14309
14310
14311
14314
14320
14325
14327
14333
14337
14339
14342
14343
14346
14349
14350
14354
14359
14369
14370
14375
14376
14379
14381
14384
14385
14387
14394
14395
14396
14398
14403
14407
14412
14419
14422
14425
14429
14431
14433
14437
14438
14446
14448
14449
14450
14451
14458
14459
14462
14465
14468
14470
14474
14477
14478
14484
14488
14494
14496
14498
14500
14507
14508
14513
14515
14521
14522
14526
14527
14528
14529
14532
14534
14545
14547
14549
14557
14566
14570
14576
14577
14582
14585
14587
14589
14595
14598
14601
14602
14606
14608
14610
14618
14622
14623
14624
14628
14629
14631
14633
14638
14639
14647
14654
14655
14656
14657
14661
14665
14666
14668
14672
14675
14676
14680
14684
14685
14690
14692
14693
14694
14696
14697
14702
14703
14705
14707
14709
14715
14716
14717
14721
14726
14727
14729
14734
14738
14740
14742
14747
14751
14752
14755
14760
14761
14763
14764
14765
14766
14769
14770
14773
14781
14785
14787
14788
14789
14791
14792
14801
14804
14808
14814
14816
14817
14821
14824
14826
14827
14830
14839
14840
14841
14843
14845
14847
14856
14858
14861
14862
14865
14866
14871
14877
14878
14879
14882
14883
14885
14894
14896
14897
14901
14902
14903
14904
14907
14909
14910
14911
14913
14915
14919
14920
14922
14929
14931
14933
14935
14936
14937
14939
14941
14942
14945
14946
14947
14950
14957
14960
14962
14964
14970
14973
14974
14982
14983
14984
14986
14989
14993
14995
14996
14998
15001
15004
15015
15016
15023
15024
15029
15036
15037
15043
15045
15046
15047
15050
15051
15052
15057
15058
15059
15064
15065
15066
15069
15073
15075
15076
15077
15078
15080
15085
15087
15088
15090
15092
15093
15094
15100
15102
15104
15106
15108
15111
15115
15116
15117
15119
15120
15121
15122
15123
15128
15131
15136
15137
15143
15144
15146
15151
15154
15155
15156
15160
15164
15168
15169
15172
15178
15183
15188
15194
15201
15203
15204
15205
15207
15208
15212
15213
15220
15223
15225
15226
15227
15229
15230
15231
15232
15239
15244
15245
15249
15250
15254
15255
15257
15259
15262
15263
15265
15266
15267
15268
15271
15275
15285
15287
15290
15291
15293
15295
15300
15302
15304
15309
15314
15316
15317
15319
15322
15323
15325
15329
15331
15336
15337
15338
15341
15345
15346
15355
15357
15359
15361
15369
15376
15377
15381
15385
15387
15390
15393
15394
15396
15398
15399
15403
15413
15415
15419
15422
15423
15424
15430
15431
15432
15435
15441
15442
15449
15450
15454
15456
15457
15458
15460
15465
15466
15470
15474
15475
15481
15482
15487
15489
15491
15494
15495
15499
15502
15505
15506
15511
15512
15513
15516
15517
15519
15523
15525
15529
15531
15532
15534
15539
15541
15544
15549
15552
15554
15555
15556
15557
15565
15568
15570
15571
15572
15573
15578
15579
15582
15585
15586
15590
15594
15597
15598
15603
15605
15608
15610
15614
15618
15622
15624
15628
15629
15631
15632
15638
15640
15641
15642
15643
15644
15645
15649
15654
15655
15657
15660
15662
15665
15666
15668
15670
15671
15673
15674
15676
15679
15680
15684
15688
15689
15697
15700
15702
15705
15707
15708
15709
15710
15711
15713
15715
15718
15719
15721
15726
15728
15730
15731
15732
15735
15736
15737
15738
15739
15740
15742
15748
15752
15756
15758
15760
15764
15765
15767
15770
15773
15776
15779
15780
15783
15785
15786
15788
15789
15799
15800
15804
15805
15806
15813
15818
15820
15821
15823
15825
15827
15831
15836
15837
15846
15848
15853
15855
15856
15857
15858
15859
15861
15862
15864
15866
15872
15873
15874
15888
15889
15890
15891
15892
15895
15900
15902
15904
15908
15914
15917
15922
15924
15926
15932
15935
15937
15940
15941
15942
15947
15948
15949
15951
15955
15957
15958
15959
15960
15964
15966
15970
15973
15974
15975
15977
15979
15982
15983
15985
15988
15990
15991
15993
15994
15995
15996
15997
16000
16003
16005
16006
16009
16010
16011
16014
16022
16024
16026
16033
16034
16037
16039
16043
16044
16045
16046
16056
16058
16060
16063
16064
16071
16072
16074
16080
16081
16082
16088
16092
16094
16098
16101
16103
16112
16114
16116
16117
16120
16125
16126
16132
16140
16141
16142
16144
16147
16150
16155
16157
16158
16161
16163
16166
16174
16175
16178
16180
16184
16186
16188
16190
16195
16196
16198
16199
16201
16202
16203
16205
16207
16208
16211
16213
16215
16219
16220
16221
16222
16223
16224
16225
16229
16232
16238
16239
16240
16241
16242
16243
16244
16245
16246
16250
16254
16256
16257
16258
16259
16265
16269
16271
16274
16279
16280
16285
16287
16293
16295
16296
16302
16303
16307
16308
16311
16314
16318
16323
16324
16326
16328
16330
16331
16336
16337
16339
16340
16341
16343
16348
16349
16350
16357
16358
16359
16366
16370
16373
16375
16376
16378
16381
16387
16390
16392
16393
16395
16397
16399
16403
16408
16409
16411
16415
16417
16418
16420
16421
16431
16435
16439
16442
16451
16452
16453
16455
16460
16463
16464
16468
16469
16470
16471
16474
16475
16478
16479
16482
16484
16485
16489
16492
16494
16501
16502
16503
16515
16519
16520
16521
16523
16524
16529
16530
16532
16538
16539
16543
16551
16561
16564
16567
16570
16575
16577
16582
16583
16584
16586
16587
16591
16593
16596
16600
16605
16611
16615
16618
16619
16620
16628
16629
16632
16634
16637
16638
16639
16642
16645
16650
16651
16652
16655
16656
16659
16661
16665
16667
16674
16675
16677
16679
16683
16684
16685
16686
16689
16690
16692
16696
16699
16700
16701
16702
16704
16705
16707
16709
16710
16714
16715
16718
16722
16725
16730
16732
16735
16736
16739
16740
16742
16745
16747
16748
16749
16750
16751
16753
16760
16767
16769
16772
16777
16778
16779
16780
16782
16784
16785
16786
16787
16790
16792
16793
16795
16796
16798
16799
16803
16807
16809
16812
16813
16817
16821
16823
16824
16834
16835
16844
16848
16849
16851
16854
16859
16864
16874
16875
16876
16877
16878
16886
16888
16891
16892
16894
16895
16896
16901
16903
16905
16908
16911
16914
16921
16924
16925
16929
16933
16937
16940
16943
16946
16947
16949
16956
16958
16962
16966
16972
16974
16975
16976
16977
16978
16981
16986
16992
17002
17005
17007
17008
17010
17011
17014
17017
17024
17026
17027
17028
17031
17032
17034
17035
17036
17037
17040
17043
17050
17051
17053
17055
17058
17059
17064
17065
17068
17074
17080
17083
17084
17086
17093
17095
17096
17107
17109
17115
17117
17118
17119
17120
17122
17123
17124
17130
17131
17133
17135
17136
17138
17139
17140
17141
17142
17145
17146
17148
17152
17155
17157
17160
17162
17165
17171
17180
17182
17185
17186
17189
17193
17196
17198
17201
17204
17205
17206
17208
17209
17211
17212
17214
17218
17223
17225
17230
17231
17232
17233
17235
17239
17242
17246
17250
17252
17253
17254
17255
17261
17262
17265
17267
17269
17270
17274
17281
17286
17288
17291
17292
17293
17298
17299
17306
17308
17313
17314
17318
17319
17320
17322
17324
17325
17327
17331
17336
17337
17338
17340
17341
17344
17347
17348
17350
17355
17356
17358
17360
17364
17365
17366
17367
17372
17373
17375
17383
17394
17398
17401
17402
17403
17404
17412
17413
17416
17417
17421
17422
17423
17425
17434
17438
17440
17442
17446
17447
17448
17451
17452
17454
17458
17459
17467
17468
17469
17470
17473
17475
17476
17479
17484
17486
17489
17493
17494
17496
17498
17504
17505
17508
17509
17512
17514
17516
17518
17519
17522
17523
17524
17526
17528
17530
17531
17532
17536
17537
17540
17541
17542
17543
17545
17547
17549
17552
17557
17560
17562
17566
17567
17568
17573
17574
17580
17583
17586
17587
17588
17590
17592
17594
17595
17598
17600
17606
17612
17615
17617
17620
17622
17626
17627
17629
17631
17635
17637
17641
17642
17643
17645
17648
17659
17663
17664
17665
17667
17670
17671
17677
17678
17682
17683
17685
17686
17688
17689
17692
17694
17698
17699
17700
17701
17705
17709
17710
17713
17717
17725
17727
17728
17729
17730
17733
17738
17741
17746
17748
17750
17752
17755
17757
17759
17761
17763
17771
17776
17777
17781
17784
17785
17789
17791
17792
17799
17800
17801
17802
17803
17804
17808
17809
17810
17811
17816
17819
17820
17824
17825
17829
17836
17838
17839
17841
17848
17853
17861
17870
17871
17872
17873
17876
17877
17882
17886
17887
17894
17898
17899
17911
17916
17917
17918
17919
17923
17929
17930
17932
17933
17937
17938
17943
17948
17952
17954
17958
17959
17960
17965
17969
17970
17973
17974
17977
17978
17980
17983
17985
17987
17989
17990
17992
17994
17997
17998
17999
18001
18002
18005
18007
18010
18011
18013
18015
18019
18020
18024
18025
18026
18027
18030
18032
18033
18034
18037
18038
18041
18043
18045
18047
18050
18053
18063
18064
18069
18072
18076
18078
18081
18087
18088
18092
18094
18099
18101
18104
18105
18107
18109
18110
18113
18120
18121
18125
18126
18130
18134
18137
18140
18142
18151
18152
18154
18155
18159
18162
18164
18165
18170
18171
18172
18173
18178
18179
18180
18181
18184
18186
18189
18193
18196
18197
18203
18204
18205
18209
18210
18213
18217
18218
18224
18226
18231
18232
18235
18238
18239
18243
18244
18247
18249
18253
18254
18257
18258
18262
18267
18269
18270
18272
18273
18277
18280
18282
18283
18285
18286
18289
18293
18298
18304
18305
18307
18312
18314
18317
18320
18322
18324
18325
18330
18332
18342
18344
18345
18348
18349
18350
18351
18359
18360
18363
18364
18369
18370
18372
18375
18377
18380
18382
18384
18385
18389
18391
18397
18399
18400
18402
18403
18404
18408
18409
18411
18412
18414
18415
18417
18418
18421
18422
18423
18427
18428
18429
18430
18432
18437
18440
18441
18442
18445
18446
18448
18450
18452
18455
18457
18459
18464
18465
18466
18469
18471
18473
18474
18476
18477
18478
18479
18480
18481
18482
18489
18490
18493
18495
18499
18501
18503
18510
18512
18514
18515
18517
18521
18522
18525
18526
18527
18530
18533
18535
18536
18537
18543
18546
18548
18552
18554
18556
18560
18561
18568
18569
18573
18580
18582
18583
18585
18591
18592
18593
18603
18605
18606
18609
18610
18614
18615
18617
18618
18623
18624
18626
18631
18636
18637
18638
18641
18642
18644
18645
18648
18649
18650
18652
18656
18657
18658
18659
18660
18662
18663
18665
18670
18672
18675
18677
18679
18680
18682
18683
18687
18691
18692
18696
18700
18704
18709
18712
18717
18718
18721
18722
18723
18731
18732
18733
18735
18737
18738
18743
18744
18751
18753
18756
18758
18759
18760
18764
18771
18774
18777
18780
18782
18783
18785
18786
18787
18792
18793
18797
18799
18802
18804
18808
18809
18812
18813
18814
18817
18818
18821
18822
18824
18826
18827
18829
18830
18832
18833
18836
18837
18841
18848
18854
18858
18862
18863
18865
18867
18868
18869
18870
18872
18873
18874
18877
18879
18880
18881
18882
18885
18889
18890
18891
18893
18895
18896
18898
18900
18902
18904
18906
18910
18911
18913
18915
18916
18917
18920
18922
18923
18925
18928
18930
18933
18936
18942
18944
18948
18949
18950
18952
18953
18958
18962
18979
18980
18981
18982
18984
18987
18992
18993
18994
19004
19005
19006
19007
19010
19011
19014
19015
19020
19021
19022
19023
19025
19030
19031
19034
19035
19036
19038
19039
19046
19054
19056
19058
19060
19063
19064
19065
19073
19075
19077
19080
19083
19087
19088
19094
19095
19096
19099
19103
19105
19111
19112
19113
19116
19120
19121
19123
19124
19125
19128
19131
19132
19135
19136
19138
19140
19142
19145
19148
19151
19153
19155
19156
19157
19163
19170
19178
19180
19181
19182
19183
19185
19192
19194
19195
19197
19199
19201
19202
19203
19204
19206
19207
19208
19212
19214
19215
19216
19218
19220
19221
19224
19225
19226
19232
19233
19236
19238
19241
19242
19243
19247
19250
19251
19252
19253
19254
19257
19261
19262
19266
19270
19272
19274
19275
19277
19279
19280
19281
19284
19288
19291
19293
19294
19302
19303
19306
19308
19310
19311
19314
19315
19317
19318
19319
19320
19322
19323
19324
19329
19335
19337
19340
19341
19342
19343
19345
19346
19347
19348
19349
19350
19353
19354
19362
19365
19366
19374
19377
19378
19382
19383
19385
19386
19387
19388
19389
19392
19393
19395
19397
19400
19401
19404
19406
19408
19410
19412
19416
19419
19420
19424
19427
19433
19434
19437
19438
19439
19440
19441
19443
19446
19448
19454
19461
19462
19464
19465
19467
19473
19476
19477
19480
19482
19487
19489
19490
19491
19492
19494
19496
19499
19500
19501
19503
19504
19505
19508
19509
19510
19511
19519
19525
19526
19527
19528
19529
19530
19531
19532
19540
19542
19544
19550
19551
19552
19553
19557
19562
19568
19569
19570
19572
19578
19581
19583
19585
19586
19587
19588
19590
19592
19593
19594
19595
19596
19597
19603
19607
19608
19609
19610
19612
19613
19614
19619
19621
19623
19624
19626
19631
19633
19635
19637
19640
19644
19646
19648
19650
19654
19655
19656
19658
19659
19661
19662
19664
19665
19668
19673
19674
19678
19679
19680
19681
19682
19683
19701
19705
19706
19708
19709
19712
19713
19715
19718
19719
19720
19722
19724
19728
19737
19740
19743
19745
19746
19747
19751
19757
19758
19760
19761
19762
19763
19773
19776
19780
19783
19786
19788
19791
19792
19793
19794
19797
19801
19805
19807
19809
19813
19814
19818
19828
19829
19831
19832
19835
19837
19840
19841
19843
19845
19850
19852
19854
19855
19856
19862
19863
19865
19869
19872
19874
19875
19883
19886
19887
19891
19892
19893
19896
19903
19907
19909
19911
19914
19916
19917
19920
19925
19927
19933
19935
19937
19940
19941
19944
19946
19947
19948
19951
19957
19958
19959
19961
19965
19966
19968
19969
19970
19971
19972
19974
19975
19977
19981
19983
19984
19985
19988
19990
19991
19993
19996
19998
20000
20001
20003
20013
20015
20016
20017
20020
20021
20036
20038
20041
20042
20043
20045
20047
20050
20052
20053
20055
20057
20060
20061
20062
20063
20065
20068
20069
20074
20076
20078
20082
20083
20084
20085
20087
20088
20091
20092
20095
20096
20099
20102
20103
20104
20105
20111
20114
20116
20121
20131
20132
20134
20137
20140
20143
20144
20145
20146
20147
20148
20153
20156
20158
20161
20167
20168
20175
20177
20179
20181
20192
20195
20198
20201
20202
20205
20207
20212
20214
20217
20219
20223
20225
20227
20228
20230
20232
20233
20235
20240
20241
20243
20252
20259
20261
20263
20264
20266
20272
20274
20278
20280
20283
20287
20288
20290
20291
20295
20297
20301
20302
20305
20310
20313
20314
20316
20324
20325
20326
20329
20331
20336
20337
20341
20348
20349
20353
20355
20356
20360
20361
20365
20368
20374
20376
20378
20380
20390
20397
20398
20399
20400
20401
20402
20405
20407
20409
20410
20411
20413
20417
20419
20420
20421
20424
20426
20429
20441
20446
20447
20448
20450
20451
20455
20456
20457
20459
20462
20465
20466
20469
20473
20474
20480
20481
20483
20491
20495
20498
20502
20503
20505
20509
20517
20519
20521
20525
20528
20529
20531
20533
20534
20535
20544
20546
20548
20552
20553
20560
20561
20562
20563
20567
20569
20577
20578
20585
20586
20588
20594
20595
20599
20601
20603
20604
20606
20608
20610
20612
20614
20615
20616
20625
20628
20629
20633
20636
20642
20644
20645
20648
20651
20652
20655
20656
20662
20663
20668
20670
20674
20676
20677
20679
20680
20685
20688
20692
20694
20695
20696
20699
20701
20704
20706
20707
20709
20712
20714
20715
20718
20719
20720
20721
20724
20728
20731
20734
20741
20742
20744
20745
20746
20749
20751
20753
20754
20756
20757
20760
20761
20766
20768
20775
20776
20777
20780
20781
20784
20792
20796
20798
20801
20802
20803
20804
20805
20806
20810
20811
20812
20813
20815
20816
20818
20831
20836
20837
20838
20841
20843
20845
20846
20847
20850
20851
20858
20859
20860
20866
20867
20869
20873
20874
20877
20879
20882
20884
20889
20890
20891
20893
20894
20905
20908
20913
20915
20918
20919
20920
20922
20923
20925
20927
20930
20934
20939
20943
20947
20950
20951
20952
20955
20956
20962
20963
20964
20969
20971
20978
20980
20981
20982
20989
20992
20994
20995
21000
21004
21005
21006
21021
21022
21029
21030
21033
21037
21038
21040
21041
21043
21044
21045
21046
21048
21049
21050
21053
21055
21057
21058
21059
21063
21067
21069
21070
21071
21073
21078
21080
21081
21083
21085
21086
21089
21090
21094
21096
21098
21099
21101
21106
21109
21110
21111
21115
21116
21117
21118
21119
21120
21121
21122
21123
21129
21131
21139
21144
21146
21153
21158
21159
21162
21163
21165
21166
21177
21180
21182
21184
21192
21194
21198
21199
21201
21202
21206
21211
21213
21214
21215
21219
21222
21225
21227
21231
21233
21235
21240
21243
21245
21248
21249
21252
21253
21254
21255
21256
21258
21259
21263
21264
21265
21268
21275
21276
21280
21281
21286
21287
21289
21293
21296
21297
21298
21300
21305
21308
21311
21314
21316
21320
21321
21323
21324
21327
21328
21332
21334
21335
21337
21341
21344
21345
21346
21347
21349
21350
21352
21353
21354
21355
21358
21359
21363
21364
21365
21366
21369
21370
21374
21382
21386
21388
21389
21390
21392
21393
21396
21399
21400
21403
21404
21407
21408
21409
21410
21415
21419
21422
21425
21428
21431
21434
21435
21438
21447
21448
21455
21457
21461
21466
21467
21471
21476
21477
21481
21487
21493
21502
21504
21505
21506
21507
21509
21510
21513
21518
21522
21526
21529
21531
21543
21546
21547
21548
21552
21556
21561
21562
21564
21565
21566
21567
21568
21570
21574
21577
21580
21582
21584
21588
21592
21597
21602
21603
21605
21614
21617
21618
21619
21620
21622
21623
21625
21628
21629
21632
21635
21639
21642
21643
21646
21648
21650
21653
21655
21657
21660
21661
21662
21667
21670
21677
21687
21690
21691
21693
21699
21701
21703
21704
21705
21714
21717
21718
21719
21722
21726
21727
21730
21732
21733
21735
21736
21737
21739
21744
21745
21746
21748
21752
21755
21758
21760
21763
21769
21776
21780
21783
21787
21789
21790
21793
21795
21798
21800
21802
21804
21819
21820
21821
21823
21826
21829
21830
21832
21835
21836
21841
21842
21844
21845
21846
21853
21854
21856
21858
21859
21861
21862
21865
21866
21867
21869
21870
21875
21877
21878
21879
21886
21891
21892
21894
21895
21899
21901
21903
21909
21912
21918
21919
21922
21925
21926
21930
21932
21935
21941
21942
21945
21946
21952
21956
21958
21959
21965
21966
21967
21969
21972
21980
21981
21983
21986
21987
21988
21990
21992
21993
22000
22001
22003
22004
22006
22007
22009
22014
22017
22022
22023
22026
22027
22029
22030
22031
22033
22038
22041
22044
22045
22046
22051
22053
22055
22056
22057
22058
22059
22060
22062
22067
22071
22072
22076
22083
22087
22090
22092
22095
22101
22103
22105
22110
22113
22115
22116
22119
22138
22139
22141
22146
22151
22154
22156
22158
22163
22164
22165
22166
22168
22169
22171
22172
22174
22175
22177
22181
22183
22187
22190
22191
22193
22195
22196
22201
22202
22203
22207
22208
22211
22214
22216
22217
22221
22225
22229
22233
22234
22236
22237
22248
22249
22257
22259
22260
22261
22262
22268
22269
22272
22273
22274
22275
22276
22277
22281
22282
22284
22285
22290
22291
22294
22295
22296
22298
22299
22300
22303
22314
22319
22322
22330
22337
22340
22353
22356
22358
22362
22363
22367
22369
22370
22371
22372
22373
22377
22381
22384
22389
22397
22400
22401
22404
22407
22411
22412
22418
22423
22426
22428
22431
22432
22434
22435
22438
22440
22443
22444
22447
22450
22451
22453
22458
22460
22464
22465
22467
22469
22470
22471
22473
22475
22478
22480
22481
22482
22483
22486
22491
22495
22496
22500
22501
22506
22509
22512
22514
22517
22522
22523
22529
22530
22535
22538
22539
22540
22544
22547
22548
22549
22551
22555
22560
22562
22565
22566
22567
22570
22573
22574
22577
22583
22586
22593
22594
22599
22600
22602
22604
22607
22608
22610
22614
22615
22621
22622
22625
22626
22628
22629
22633
22635
22641
22642
22643
22648
22655
22656
22657
22658
22662
22663
22665
22666
22675
22677
22682
22683
22685
22688
22690
22691
22692
22697
22700
22703
22704
22705
22706
22708
22710
22711
22712
22714
22718
22719
22723
22724
22725
22727
22729
22730
22737
22738
22739
22740
22743
22744
22746
22751
22755
22756
22758
22759
22761
22762
22763
22764
22765
22769
22770
22778
22785
22788
22790
22791
22795
22797
22800
22801
22806
22807
22808
22809
22810
22813
22814
22817
22821
22823
22824
22825
22826
22827
22831
22835
22837
22841
22844
22845
22848
22849
22852
22855
22856
22858
22859
22863
22864
22865
22868
22880
22882
22884
22886
22890
22896
22897
22899
22904
22905
22906
22907
22908
22909
22910
22913
22914
22916
22922
22930
22934
22935
22936
22937
22938
22940
22952
22953
22955
22958
22959
22962
22963
22966
22968
22969
22970
22972
22973
22974
22993
22995
22996
23000
23009
23011
23012
23016
23024
23025
23029
23030
23032
23039
23042
23043
23044
23048
23052
23053
23056
23058
23065
23067
23075
23077
23080
23082
23087
23090
23091
23092
23093
23094
23095
23098
23103
23104
23107
23112
23113
23114
23116
23120
23122
23126
23127
23128
23129
23131
23133
23134
23135
23139
23140
23145
23148
23149
23154
23155
23159
23160
23161
23166
23167
23172
23175
23177
23178
23179
23182
23184
23189
23191
23197
23201
23203
23204
23207
23212
23213
23218
23221
23223
23224
23225
23227
23228
23229
23231
23234
23237
23239
23243
23244
23246
23247
23257
23258
23260
23261
23266
23267
23271
23272
23273
23274
23275
23277
23280
23281
23289
23290
23292
23295
23298
23299
23300
23310
23312
23314
23316
23317
23319
23326
23328
23329
23331
23332
23333
23336
23337
23340
23341
23342
23346
23347
23349
23350
23352
23356
23358
23360
23361
23372
23374
23375
23378
23379
23381
23383
23385
23389
23390
23391
23392
23398
23400
23402
23403
23408
23409
23412
23415
23421
23423
23424
23429
23433
23435
23441
23442
23443
23447
23448
23454
23455
23456
23457
23459
23460
23463
23465
23467
23469
23471
23476
23477
23478
23483
23485
23489
23492
23493
23494
23496
23497
23498
23500
23503
23504
23505
23506
23508
23510
23511
23514
23518
23523
23524
23525
23526
23529
23531
23532
23538
23539
23541
23543
23544
23546
23547
23549
23555
23558
23566
23571
23573
23574
23575
23577
23578
23589
23593
23597
23598
23599
23601
23603
23604
23606
23607
23608
23612
23613
23614
23617
23620
23625
23627
23628
23631
23635
23636
23638
23640
23642
23643
23645
23646
23647
23648
23652
23654
23657
23659
23662
23663
23664
23672
23674
23675
23679
23690
23692
23693
23694
23696
23699
23700
23705
23706
23711
23715
23716
23719
23724
23726
23730
23731
23732
23734
23735
23737
23742
23743
23745
23746
23749
23750
23753
23759
23767
23771
23774
23776
23781
23782
23784
23789
23790
23792
23794
23796
23804
23806
23810
23812
23818
23821
23823
23824
23825
23826
23827
23829
23831
23834
23835
23836
23843
23844
23845
23864
23866
23867
23872
23874
23876
23878
23879
23884
23885
23891
23893
23894
23896
23898
23900
23901
23903
23904
23905
23907
23908
23909
23912
23916
23921
23923
23926
23927
23930
23931
23933
23934
23936
23937
23942
23948
23949
23957
23958
23959
23964
23965
23966
23968
23970
23972
23973
23975
23976
23979
23983
23988
23990
23992
23997
24000
24003
24005
24008
24009
24010
24012
24015
24023
24025
24032
24033
24034
24037
24040
24047
24048
24050
24053
24057
24058
24059
24072
24075
24076
24079
24080
24081
24086
24088
24095
24096
24098
24101
24103
24104
24106
24108
24109
24112
24114
24115
24116
24117
24123
24132
24134
24136
24139
24140
24141
24146
24148
24151
24154
24156
24158
24160
24163
24164
24166
24172
24177
24181
24184
24189
24200
24201
24209
24213
24216
24221
24222
24223
24229
24230
24232
24235
24239
24243
24244
24246
24251
24252
24256
24257
24262
24263
24264
24271
24272
24273
24276
24277
24280
24281
24282
24285
24286
24289
24295
24302
24303
24306
24307
24308
24311
24313
24316
24320
24323
24325
24334
24338
24339
24340
24342
24343
24345
24346
24350
24351
24354
24360
24363
24366
24367
24368
24369
24371
24374
24376
24377
24381
24382
24383
24384
24386
24390
24392
24394
24395
24396
24397
24400
24402
24403
24405
24406
24412
24417
24419
24425
24427
24428
24431
24433
24438
24439
24441
24442
24444
24445
24447
24449
24456
24467
24468
24469
24477
24482
24483
24489
24492
24493
24494
24499
24506
24507
24511
24515
24517
24519
24522
24523
24524
24525
24526
24528
24530
24531
24535
24537
24541
24542
24543
24551
24552
24558
24559
24560
24565
24571
24573
24576
24581
24582
24591
24592
24593
24595
24597
24598
24600
24608
24609
24611
24613
24616
24617
24621
24622
24625
24626
24627
24631
24632
24633
24634
24635
24639
24640
24641
24644
24647
24650
24651
24652
24654
24659
24660
24661
24664
24665
24669
24670
24672
24675
24676
24682
24684
24686
24687
24690
24694
24697
24703
24706
24707
24708
24712
24713
24718
24726
24728
24733
24734
24737
24740
24741
24745
24746
24747
24750
24751
24755
24758
24766
24768
24769
24772
24774
24777
24781
24782
24785
24792
24795
24796
24801
24802
24804
24806
24807
24808
24809
24811
24812
24817
24818
24819
24821
24823
24825
24826
24828
24830
24831
24839
24843
24844
24845
24847
24849
24852
24857
24862
24867
24874
24879
24884
24890
24892
24896
24898
24901
24902
24903
24904
24914
24915
24918
24921
24922
24924
24928
24930
24933
24935
24936
24940
24941
24942
24943
24944
24946
24949
24950
24953
24954
24959
24963
24964
24968
24973
24976
24989
24998
24999
25004
25005
25009
25010
25013
25019
25022
25024
25030
25031
25036
25040
25041
25054
25062
25065
25067
25068
25069
25070
25071
25072
25073
25078
25081
25083
25084
25085
25086
25092
25095
25102
25104
25110
25111
25112
25113
25116
25118
25119
25120
25123
25126
25128
25130
25132
25133
25135
25136
25142
25143
25147
25148
25151
25160
25161
25162
25166
25171
25172
25175
25178
25179
25181
25184
25185
25187
25190
25191
25193
25201
25206
25207
25212
25213
25221
25225
25228
25230
25234
25241
25242
25243
25244
25246
25249
25254
25256
25257
25258
25259
25262
25263
25264
25266
25271
25272
25274
25276
25278
25279
25280
25283
25287
25290
25291
25292
25293
25294
25295
25296
25297
25303
25307
25315
25316
25319
25321
25322
25323
25325
25326
25328
25331
25332
25336
25337
25339
25340
25351
25352
25353
25354
25362
25363
25364
25365
25366
25367
25370
25371
25374
25375
25379
25380
25381
25384
25385
25386
25387
25394
25397
25399
25402
25405
25408
25410
25412
25413
25417
25419
25421
25422
25424
25425
25427
25430
25433
25436
25438
25440
25441
25444
25449
25452
25458
25459
25460
25461
25463
25468
25471
25474
25477
25480
25481
25482
25484
25486
25490
25491
25492
25495
25502
25507
25509
25510
25515
25518
25522
25528
25530
25538
25540
25542
25547
25552
25554
25562
25563
25564
25566
25569
25571
25573
25575
25577
25579
25580
25586
25589
25590
25593
25594
25595
25596
25598
25600
25601
25604
25607
25609
25611
25613
25615
25619
25620
25623
25626
25630
25631
25644
25648
25649
25650
25651
25652
25657
25660
25663
25664
25673
25674
25676
25677
25678
25680
25681
25683
25691
25692
25694
25695
25698
25699
25702
25705
25707
25712
25713
25715
25716
25717
25720
25721
25723
25725
25726
25727
25728
25730
25731
25738
25740
25743
25748
25752
25755
25756
25757
25762
25765
25770
25774
25775
25776
25777
25778
25787
25789
25793
25798
25801
25802
25804
25805
25807
25808
25811
25812
25814
25815
25823
25824
25826
25827
25828
25840
25842
25844
25847
25851
25855
25856
25857
25859
25862
25863
25864
25868
25871
25872
25874
25875
25876
25884
25887
25889
25890
25894
25897
25901
25902
25905
25906
25908
25910
25917
25919
25921
25923
25925
25926
25928
25929
25933
25935
25939
25947
25948
25949
25952
25953
25954
25958
25959
25963
25964
25965
25966
25969
25971
25972
25974
25975
25976
25977
25978
25979
25981
25982
25984
25987
25996
25997
26000
26001
26002
26003
26004
26008
26010
26013
26016
26018
26019
26020
26023
26028
26032
26033
26034
26037
26038
26039
26040
26041
26043
26044
26045
26053
26057
26059
26061
26062
26063
26065
26066
26067
26068
26070
26080
26082
26083
26084
26085
26089
26091
26093
26098
26099
26100
26105
26115
26116
26117
26118
26124
26126
26127
26128
26130
26131
26139
26142
26145
26147
26148
26150
26151
26152
26155
26156
26161
26162
26164
26165
26166
26170
26171
26173
26181
26187
26188
26194
26196
26198
26200
26204
26205
26208
26211
26214
26217
26219
26220
26221
26222
26224
26231
26232
26233
26235
26238
26239
26242
26244
26245
26246
26247
26248
26249
26251
26254
26255
26258
26261
26264
26265
26267
26268
26272
26273
26274
26282
26284
26290
26295
26297
26300
26301
26303
26306
26307
26309
26312
26320
26324
26326
26328
26329
26331
26332
26333
26334
26336
26337
26342
26343
26344
26345
26346
26347
26350
26351
26354
26356
26358
26359
26362
26363
26364
26367
26368
26372
26375
26376
26379
26385
26387
26388
26389
26391
26399
26403
26405
26406
26409
26410
26415
26417
26422
26425
26428
26442
26443
26445
26446
26448
26449
26454
26459
26468
26470
26472
26475
26477
26479
26483
26485
26487
26488
26489
26492
26493
26494
26498
26503
26507
26509
26512
26516
26517
26520
26521
26533
26536
26537
26538
26540
26541
26545
26547
26555
26561
26563
26564
26569
26571
26573
26576
26579
26580
26582
26585
26586
26589
26591
26595
26596
26600
26602
26606
26610
26614
26618
26621
26627
26629
26631
26633
26635
26637
26640
26641
26643
26644
26646
26649
26654
26655
26657
26660
26662
26665
26666
26669
26671
26677
26693
26695
26696
26699
26700
26703
26705
26708
26711
26713
26714
26715
26716
26717
26718
26719
26721
26723
26725
26726
26729
26732
26734
26735
26736
26740
26741
26744
26745
26747
26748
26752
26756
26757
26758
26759
26764
26766
26768
26774
26775
26777
26778
26783
26787
26788
26789
26799
26801
26802
26803
26805
26806
26808
26811
26814
26815
26818
26821
26831
26832
26836
26838
26839
26842
26849
26850
26867
26869
26871
26872
26874
26878
26880
26881
26882
26887
26894
26899
26904
26906
26908
26912
26916
26918
26919
26920
26921
26925
26927
26930
26932
26935
26937
26945
26950
26951
26953
26955
26956
26960
26961
26967
26971
26973
26974
26975
26978
26979
26983
26984
26985
26987
26988
26994
26999
27000
27001
27002
27004
27005
27006
27009
27013
27023
27026
27029
27032
27034
27036
27037
27038
27039
27040
27041
27047
27049
27050
27051
27055
27056
27059
27060
27064
27066
27067
27073
27075
27081
27086
27087
27088
27090
27091
27096
27102
27106
27108
27109
27110
27112
27113
27117
27121
27123
27124
27125
27129
27131
27135
27136
27142
27145
27147
27150
27156
27158
27168
27172
27176
27180
27183
27184
27185
27186
27187
27188
27191
27192
27194
27195
27199
27201
27205
27207
27211
27212
27221
27222
27224
27228
27241
27243
27247
27253
27257
27263
27266
27272
27287
27291
27292
27295
27300
27304
27306
27309
27310
27312
27314
27315
27316
27320
27323
27325
27329
27330
27333
27336
27338
27339
27350
27351
27353
27359
27360
27362
27363
27367
27375
27376
27382
27383
27384
27388
27394
27395
27397
27399
27402
27405
27406
27408
27410
27411
27415
27416
27417
27420
27422
27425
27430
27433
27435
27438
27439
27440
27445
27450
27452
27461
27462
27469
27474
27478
27479
27482
27483
27484
27486
27487
27488
27492
27498
27499
27500
27501
27503
27504
27505
27508
27509
27512
27513
27514
27515
27516
27518
27522
27523
27524
27525
27532
27533
27539
27541
27544
27545
27546
27547
27551
27552
27556
27562
27564
27566
27569
27570
27571
27573
27580
27582
27583
27586
27589
27590
27591
27592
27593
27594
27595
27597
27600
27603
27604
27605
27606
27609
27610
27615
27616
27619
27621
27622
27623
27624
27626
27627
27630
27633
27634
27642
27643
27644
27647
27648
27653
27655
27656
27657
27660
27664
27666
27667
27670
27676
27677
27680
27686
27690
27691
27693
27695
27698
27701
27705
27706
27711
27714
27721
27723
27726
27727
27729
27733
27734
27737
27739
27741
27744
27745
27746
27747
27748
27749
27750
27752
27754
27756
27759
27761
27762
27764
27766
27768
27771
27772
27774
27780
27782
27783
27787
27789
27792
27794
27795
27800
27801
27802
27803
27805
27817
27818
27823
27824
27827
27829
27830
27833
27834
27837
27840
27842
27843
27844
27850
27853
27854
27855
27856
27858
27861
27865
27870
27876
27877
27878
27879
27880
27882
27885
27887
27889
27890
27891
27894
27899
27900
27901
27902
27904
27905
27911
27916
27922
27925
27927
27928
27931
27932
27933
27937
27939
27940
27941
27944
27945
27947
27949
27951
27952
27954
27955
27960
27967
27968
27971
27975
27981
27983
27986
27989
27992
27993
27994
27995
27996
28001
28004
28005
28008
28009
28011
28015
28017
28022
28024
28025
28026
28031
28034
28038
28042
28043
28044
28045
28046
28047
28048
28049
28053
28054
28057
28064
28065
28066
28068
28069
28070
28071
28076
28077
28084
28088
28089
28090
28091
28092
28094
28101
28103
28112
28117
28118
28119
28121
28122
28123
28128
28130
28132
28135
28136
28143
28145
28146
28150
28151
28154
28156
28158
28159
28163
28164
28168
28169
28171
28172
28174
28176
28177
28181
28183
28184
28185
28186
28189
28190
28193
28196
28197
28201
28203
28206
28207
28208
28210
28213
28214
28215
28216
28218
28222
28223
28226
28227
28233
28236
28237
28238
28239
28240
28244
28248
28250
28251
28252
28253
28254
28258
28265
28269
28270
28271
28273
28275
28276
28278
28281
28284
28285
28292
28293
28296
28301
28303
28305
28306
28312
28320
28321
28322
28324
28326
28327
28328
28330
28332
28337
28339
28342
28343
28345
28346
28353
28357
28358
28359
28362
28363
28365
28368
28369
28371
28372
28377
28380
28381
28382
28387
28388
28390
28396
28399
28400
28401
28402
28403
28404
28405
28407
28409
28413
28420
28421
28422
28423
28424
28428
28432
28433
28434
28435
28445
28450
28452
28461
28464
28471
28472
28473
28475
28477
28478
28482
28483
28485
28486
28489
28494
28500
28506
28510
28512
28513
28515
28516
28517
28519
28525
28529
28530
28531
28532
28533
28535
28541
28545
28547
28551
28553
28554
28558
28559
28560
28561
28562
28563
28569
28573
28576
28577
28578
28580
28584
28586
28587
28589
28591
28592
28595
28597
28598
28604
28607
28611
28616
28617
28618
28628
28629
28630
28634
28635
28636
28638
28640
28645
28646
28648
28650
28656
28657
28660
28661
28662
28663
28664
28666
28670
28675
28676
28678
28679
28684
28685
28687
28688
28689
28694
28696
28701
28705
28706
28708
28710
28711
28713
28715
28716
28719
28721
28722
28724
28726
28730
28736
28738
28740
28741
28744
28748
28749
28752
28753
28754
28762
28764
28767
28768
28776
28779
28783
28785
28786
28788
28790
28791
28792
28794
28796
28797
28798
28801
28802
28803
28806
28808
28811
28817
28818
28819
28825
28828
28835
28836
28839
28841
28842
28844
28845
28846
28849
28852
28860
28862
28864
28865
28870
28872
28873
28876
28878
28879
28881
28882
28884
28887
28888
28891
28892
28894
28895
28907
28911
28912
28913
28914
28916
28919
28920
28921
28923
28928
28933
28937
28938
28940
28945
28946
28951
28955
28958
28960
28961
28962
28966
28969
28971
28973
28974
28976
28979
28981
28982
28983
28993
28994
28995
29000
29004
29005
29008
29010
29012
29013
29014
29015
29024
29026
29030
29031
29035
29038
29043
29048
29051
29053
29055
29056
29057
29060
29061
29064
29069
29071
29072
29073
29074
29076
29077
29078
29081
29082
29089
29092
29094
29096
29097
29100
29103
29104
29107
29109
29113
29115
29117
29118
29119
29122
29125
29126
29129
29133
29135
29139
29145
29149
29150
29151
29152
29153
29155
29156
29157
29159
29160
29161
29162
29163
29167
29170
29175
29176
29179
29183
29185
29186
29188
29191
29192
29194
29198
29201
29203
29206
29207
29209
29210
29211
29217
29218
29219
29223
29224
29227
29228
29232
29236
29237
29238
29240
29244
29247
29252
29257
29265
29267
29271
29273
29274
29278
29279
29282
29285
29286
29288
29294
29296
29297
29298
29301
29306
29307
29308
29309
29312
29318
29319
29322
29324
29325
29327
29329
29335
29338
29346
29347
29349
29351
29353
29366
29369
29371
29372
29373
29377
29378
29379
29380
29381
29385
29386
29389
29392
29394
29398
29399
29400
29401
29405
29408
29409
29411
29415
29416
29418
29422
29423
29425
29426
29427
29429
29431
29442
29443
29445
29448
29450
29451
29454
29458
29467
29469
29471
29473
29474
29475
29480
29482
29483
29484
29489
29492
29494
29497
29498
29500
29501
29502
29503
29504
29505
29506
29507
29508
29511
29514
29518
29522
29527
29528
29531
29533
29534
29536
29539
29542
29545
29547
29548
29552
29554
29556
29557
29559
29560
29561
29562
29565
29569
29570
29574
29577
29578
29586
29589
29595
29598
29599
29600
29604
29605
29608
29609
29613
29615
29617
29621
29623
29624
29626
29628
29634
29637
29638
29639
29641
29643
29645
29646
29650
29655
29657
29664
29668
29672
29673
29674
29678
29680
29681
29684
29685
29690
29693
29694
29697
29698
29700
29703
29707
29708
29710
29711
29715
29720
29722
29724
29726
29734
29736
29737
29745
29750
29752
29753
29754
29757
29758
29761
29762
29766
29767
29769
29770
29772
29777
29781
29785
29787
29791
29792
29796
29803
29809
29815
29816
29817
29818
29820
29822
29823
29825
29829
29830
29832
29834
29835
29838
29839
29848
29849
29851
29858
29862
29863
29865
29868
29870
29872
29877
29878
29879
29880
29882
29885
29886
29889
29894
29896
29897
29898
29899
29905
29906
29908
29909
29914
29915
29918
29921
29922
29924
29928
29929
29931
29934
29943
29945
29946
29947
29949
29950
29954
29958
29961
29962
29964
29965
29968
29969
29970
29974
29977
29978
29982
29985
29990
29994
29995
29999
30000
30001
30002
30005
30008
30009
30010
30012
30019
30020
30021
30022
30023
30024
30027
30029
30030
30034
30035
30039
30041
30045
30047
30048
30049
30052
30062
30063
30066
30067
30070
30077
30078
30080
30082
30083
30086
30092
30097
30101
30102
30111
30113
30114
30115
30119
30123
30124
30126
30128
30131
30132
30135
30136
30137
30139
30142
30143
30148
30150
30151
30153
30154
30158
30162
30168
30171
30173
30174
30175
30178
30179
30180
30181
30191
30196
30199
30201
30203
30204
30207
30210
30217
30222
30223
30226
30227
30228
30230
30233
30239
30240
30242
30243
30244
30248
30252
30258
30259
30262
30267
30268
30276
30277
30278
30282
30286
30287
30290
30291
30294
30296
30301
30304
30306
30307
30308
30311
30316
30318
30319
30324
30326
30328
30338
30339
30340
30350
30351
30352
30353
30355
30360
30362
30363
30366
30369
30372
30374
30376
30378
30379
30380
30381
30383
30384
30386
30388
30396
30397
30400
30401
30402
30403
30411
30412
30413
30417
30418
30420
30421
30428
30431
30432
30433
30440
30447
30448
30449
30453
30454
30459
30460
30462
30463
30465
30466
30469
30470
30471
30473
30474
30478
30481
30482
30485
30486
30487
30490
30493
30494
30495
30496
30498
30500
30501
30506
30508
30509
30514
30516
30518
30519
30524
30528
30532
30535
30536
30538
30542
30543
30546
30548
30549
30550
30551
30553
30554
30559
30560
30561
30562
30564
30567
30568
30574
30575
30576
30580
30583
30584
30588
30591
30593
30595
30598
30601
30602
30607
30608
30609
30610
30611
30612
30613
30618
30624
30627
30628
30630
30636
30639
30644
30645
30647
30650
30651
30653
30654
30655
30656
30657
30661
30665
30669
30670
30671
30673
30674
30675
30680
30682
30688
30689
30694
30695
30703
30704
30710
30713
30714
30715
30719
30720
30721
30723
30724
30727
30730
30731
30735
30745
30747
30749
30750
30751
30753
30756
30757
30760
30762
30767
30769
30770
30772
30773
30776
30780
30781
30783
30784
30787
30789
30790
30792
30793
30799
30804
30805
30806
30807
30810
30811
30813
30817
30818
30820
30821
30825
30829
30830
30834
30835
30837
30839
30844
30848
30854
30858
30862
30865
30867
30868
30869
30870
30874
30878
30879
30882
30883
30888
30891
30897
30899
30900
30904
30908
30912
30913
30915
30916
30917
30918
30919
30923
30925
30929
30931
30933
30934
30940
30941
30943
30945
30948
30950
30951
30958
30959
30961
30962
30964
30965
30966
30974
30975
30976
30978
30983
30985
30989
30992
30993
30994
31005
31007
31008
31010
31011
31017
31018
31019
31020
31024
31025
31035
31038
31042
31043
31044
31045
31047
31049
31052
31053
31054
31057
31058
31060
31061
31062
31068
31069
31071
31072
31074
31075
31077
31082
31083
31084
31088
31091
31092
31094
31095
31096
31097
31103
31106
31108
31114
31115
31116
31117
31120
31123
31127
31135
31136
31141
31142
31145
31148
31153
31156
31157
31166
31168
31171
31172
31175
31176
31181
31182
31187
31196
31201
31202
31204
31206
31207
31210
31214
31218
31219
31221
31225
31226
31237
31241
31242
31251
31253
31254
31256
31262
31263
31265
31267
31269
31270
31272
31273
31276
31277
31280
31282
31284
31285
31289
31293
31295
31299
31303
31304
31306
31313
31314
31317
31321
31323
31325
31329
31331
31336
31338
31339
31343
31347
31350
31351
31353
31356
31360
31364
31368
31369
31370
31373
31374
31378
31381
31384
31387
31389
31393
31400
31401
31406
31407
31409
31410
31418
31421
31428
31431
31432
31436
31437
31438
31440
31443
31446
31447
31449
31450
31453
31455
31457
31458
31459
31465
31467
31477
31482
31484
31487
31489
31496
31499
31501
31512
31515
31519
31524
31525
31529
31533
31534
31536
31538
31539
31541
31549
31551
31553
31554
31557
31558
31561
31562
31568
31569
31571
31572
31577
31583
31588
31591
31594
31598
31600
31602
31604
31606
31607
31608
31611
31613
31614
31620
31621
31623
31625
31627
31628
31631
31633
31634
31636
31639
31643
31644
31646
31647
31652
31653
31659
31660
31665
31666
31667
31669
31672
31675
31681
31683
31686
31690
31691
31697
31698
31700
31705
31711
31715
31718
31720
31725
31729
31732
31734
31735
31737
31741
31750
31753
31754
31756
31757
31760
31766
31767
31768
31769
31776
31778
31779
31782
31788
31789
31790
31792
31795
31797
31798
31804
31806
31807
31811
31819
31824
31828
31830
31832
31839
31841
31842
31847
31856
31857
31859
31861
31866
31869
31870
31871
31877
31878
31881
31886
31887
31888
31889
31895
31900
31902
31910
31911
31912
31913
31914
31915
31916
31921
31922
31930
31931
31932
31933
31935
31936
31939
31940
31943
31945
31946
31949
31952
31954
31957
31959
31961
31962
31963
31964
31969
31971
31973
31976
31979
31980
31985
31989
31990
31991
31992
31994
31996
31997
31998
31999
32001
32002
32004
32007
32015
32016
32020
32029
32031
32036
32041
32043
32046
32047
32049
32050
32053
32054
32055
32059
32063
32064
32071
32072
32073
32079
32080
32088
32091
32099
32102
32105
32107
32108
32109
32111
32113
32116
32120
32126
32130
32131
32132
32133
32134
32137
32138
32140
32147
32148
32151
32153
32156
32161
32170
32171
32172
32178
32182
32186
32190
32194
32198
32199
32201
32203
32204
32205
32211
32218
32220
32221
32223
32225
32232
32233
32237
32243
32245
32246
32248
32249
32251
32252
32253
32264
32265
32270
32273
32274
32275
32282
32283
32284
32285
32290
32291
32295
32296
32297
32303
32308
32309
32311
32313
32314
32316
32319
32322
32326
32328
32333
32334
32335
32340
32341
32343
32347
32349
32350
32351
32353
32360
32361
32363
32364
32366
32369
32376
32378
32383
32384
32385
32387
32388
32391
32392
32397
32399
32400
32401
32402
32403
32405
32406
32407
32411
32412
32415
32416
32418
32420
32422
32424
32426
32429
32432
32434
32439
32441
32442
32443
32448
32451
32455
32459
32460
32463
32465
32466
32470
32476
32478
32479
32480
32482
32483
32487
32489
32490
32491
32492
32502
32503
32504
32507
32508
32510
32515
32517
32520
32521
32530
32532
32533
32536
32537
32539
32540
32541
32543
32544
32545
32548
32549
32553
32554
32560
32562
32564
32565
32569
32570
32574
32576
32577
32580
32582
32589
32591
32593
32594
32596
32600
32601
32603
32604
32610
32612
32613
32614
32616
32619
32620
32624
32625
32628
32629
32632
32635
32636
32637
32638
32641
32642
32647
32648
32652
32659
32664
32666
32670
32677
32681
32686
32687
32689
32691
32692
32694
32698
32699
32701
32703
32704
32706
32708
32710
32711
32712
32714
32716
32717
32718
32720
32721
32722
32723
32725
32730
32741
32743
32745
32747
32749
32750
32751
32760
32762
32765
32768
32770
32772
32774
32775
32777
32782
32784
32788
32792
32795
32801
32803
32805
32815
32816
32818
32825
32829
32833
32836
32838
32843
32848
32850
32851
32855
32857
32858
32864
32867
32868
32869
32871
32873
32875
32876
32877
32879
32880
32883
32884
32886
32888
32889
32892
32897
32898
32899
32903
32907
32915
32917
32918
32920
32922
32927
32928
32938
32941
32943
32947
32952
32959
32967
32968
32970
32971
32972
32973
32975
32988
32993
32999
33009
33011
33015
33017
33018
33023
33024
33026
33031
33034
33045
33049
33053
33056
33059
33060
33062
33064
33066
33068
33069
33077
33080
33083
33084
33085
33089
33090
33093
33095
33101
33102
33106
33108
33109
33110
33113
33119
33120
33121
33123
33124
33125
33130
33132
33139
33140
33141
33144
33145
33149
33153
33155
33160
33166
33168
33169
33181
33184
33188
33189
33192
33194
33197
33199
33202
33209
33223
33224
33225
33226
33228
33233
33236
33237
33239
33243
33246
33247
33248
33252
33253
33256
33260
33261
33264
33265
33271
33272
33274
33275
33277
33280
33283
33286
33288
33289
33290
33294
33295
33296
33297
33302
33303
33304
33309
33312
33317
33320
33323
33326
33329
33335
33336
33344
33346
33347
33355
33357
33360
33364
33365
33368
33369
33371
33382
33383
33385
33387
33390
33391
33392
33393
33394
33397
33403
33404
33405
33409
33417
33422
33425
33426
33430
33434
33435
33437
33438
33440
33445
33448
33450
33451
33453
33459
33460
33463
33465
33466
33470
33471
33473
33475
33476
33478
33479
33488
33491
33492
33497
33500
33501
33502
33503
33504
33505
33508
33509
33511
33514
33516
33517
33522
33523
33524
33526
33532
33533
33534
33538
33540
33543
33544
33550
33552
33554
33555
33557
33560
33561
33573
33574
33577
33578
33579
33580
33581
33588
33590
33592
33593
33595
33600
33605
33606
33607
33611
33613
33615
33617
33622
33625
33630
33633
33635
33636
33649
33653
33654
33658
33659
33661
33662
33665
33667
33670
33671
33675
33680
33686
33687
33688
33692
33693
33696
33699
33701
33703
33707
33709
33710
33712
33716
33718
33721
33722
33723
33725
33726
33729
33736
33739
33741
33742
33745
33746
33749
33750
33753
33754
33761
33764
33766
33767
33768
33770
33772
33774
33775
33777
33778
33780
33781
33782
33785
33789
33798
33799
33801
33804
33806
33807
33809
33811
33814
33816
33824
33825
33829
33830
33833
33853
33855
33859
33863
33867
33868
33874
33875
33877
33881
33886
33892
33901
33902
33903
33904
33906
33909
33913
33918
33919
33924
33928
33930
33936
33938
33946
33951
33952
33954
33957
33960
33962
33967
33971
33973
33974
33975
33978
33980
33981
33984
33988
33989
33992
33994
33996
33997
33999
34007
34008
34009
34010
34020
34027
34028
34030
34032
34036
34038
34041
34044
34045
34047
34048
34049
34050
34051
34052
34053
34054
34064
34065
34069
34072
34074
34075
34081
34084
34086
34087
34089
34090
34091
34092
34094
34096
34099
34103
34104
34105
34111
34114
34115
34116
34120
34123
34127
34128
34129
34131
34132
34135
34136
34137
34138
34140
34141
34144
34146
34152
34153
34154
34156
34159
34161
34162
34163
34166
34170
34172
34173
34176
34178
34180
34181
34184
34185
34186
34187
34188
34189
34192
34195
34198
34204
34206
34208
34214
34217
34218
34224
34225
34227
34228
34230
34233
34238
34242
34245
34252
34253
34255
34257
34260
34263
34270
34271
34275
34276
34280
34283
34288
34289
34290
34293
34298
34301
34309
34310
34315
34316
34317
34319
34321
34322
34323
34324
34327
34328
34329
34330
34332
34333
34335
34340
34341
34342
34343
34347
34353
34354
34361
34363
34367
34371
34372
34373
34376
34383
34384
34387
34389
34391
34392
34394
34399
34401
34405
34407
34410
34416
34419
34420
34426
34428
34430
34431
34433
34436
34442
34445
34447
34449
34451
34453
34459
34463
34464
34465
34467
34468
34470
34472
34477
34481
34482
34483
34488
34490
34492
34495
34497
34498
34499
34503
34504
34505
34506
34508
34515
34516
34522
34523
34529
34534
34535
34546
34548
34551
34557
34559
34560
34563
34564
34566
34569
34570
34572
34576
34584
34588
34589
34590
34591
34592
34594
34596
34597
34599
34600
34604
34608
34611
34614
34617
34619
34620
34630
34632
34635
34636
34637
34640
34643
34647
34649
34650
34653
34655
34657
34658
34659
34660
34661
34669
34670
34671
34673
34674
34675
34677
34678
34679
34681
34685
34688
34691
34694
34696
34699
34701
34702
34703
34705
34707
34710
34711
34713
34714
34715
34725
34727
34731
34734
34735
34737
34738
34739
34740
34742
34746
34753
34755
34758
34764
34767
34775
34777
34778
34779
34789
34795
34797
34799
34802
34803
34804
34805
34810
34812
34816
34825
34827
34831
34837
34839
34840
34842
34844
34858
34861
34863
34864
34866
34871
34874
34877
34878
34880
34881
34882
34889
34890
34894
34896
34899
34903
34905
34908
34910
34913
34914
34915
34925
34927
34928
34934
34937
34939
34941
34944
34953
34954
34956
34957
34959
34966
34970
34972
34973
34975
34980
34983
34985
34987
34989
34991
34992
34993
34995
34998
34999
35001
35004
35006
35011
35014
35020
35022
35023
35024
35025
35026
35029
35030
35035
35037
35040
35044
35046
35047
35048
35049
35051
35054
35056
35059
35062
35064
35065
35066
35067
35070
35072
35080
35082
35083
35089
35093
35095
35096
35099
35100
35101
35102
35103
35107
35109
35111
35118
35121
35124
35128
35131
35134
35137
35138
35143
35145
35148
35151
35152
35153
35154
35155
35156
35158
35159
35160
35161
35163
35167
35169
35170
35171
35181
35184
35185
35187
35190
35196
35198
35200
35202
35207
35210
35211
35215
35216
35217
35218
35224
35226
35232
35239
35244
35245
35247
35251
35252
35254
35258
35259
35263
35265
35266
35267
35269
35273
35274
35276
35280
35284
35288
35289
35290
35291
35294
35295
35296
35297
35298
35299
35300
35301
35304
35308
35310
35313
35316
35321
35326
35330
35331
35333
35334
35338
35340
35346
35349
35355
35362
35363
35364
35372
35374
35377
35381
35386
35387
35388
35389
35393
35395
35397
35398
35399
35401
35402
35403
35404
35406
35413
35417
35418
35421
35425
35426
35432
35437
35438
35440
35442
35443
35445
35449
35450
35458
35463
35464
35466
35471
35472
35481
35485
35486
35488
35493
35494
35505
35506
35507
35508
35510
35513
35517
35518
35519
35521
35523
35524
35528
35529
35531
35536
35537
35540
35541
35543
35549
35551
35552
35553
35554
35556
35558
35560
35561
35568
35576
35582
35585
35586
35588
35594
35596
35603
35604
35608
35613
35616
35617
35618
35622
35623
35625
35627
35628
35629
35630
35631
35634
35635
35636
35644
35648
35655
35656
35657
35658
35659
35662
35664
35666
35669
35673
35678
35680
35686
35687
35692
35698
35701
35702
35704
35709
35710
35711
35715
35719
35723
35725
35727
35728
35731
35733
35736
35743
35747
35748
35749
35751
35752
35753
35759
35760
35762
35764
35765
35767
35769
35770
35776
35777
35780
35784
35790
35791
35792
35797
35798
35799
35800
35805
35808
35810
35812
35814
35818
35820
35821
35822
35824
35826
35832
35834
35835
35836
35838
35842
35843
35844
35847
35849
35850
35856
35862
35863
35864
35866
35869
35870
35872
35874
35880
35882
35884
35888
35889
35892
35894
35899
35900
35901
35902
35903
35904
35911
35912
35915
35916
35923
35925
35927
35935
35937
35938
35941
35946
35948
35958
35960
35962
35965
35972
35976
35987
35988
35991
35995
35997
35999
36004
36007
36009
36010
36013
36016
36017
36021
36023
36024
36027
36028
36030
36032
36033
36034
36037
36041
36044
36050
36053
36055
36056
36057
36059
36060
36066
36067
36082
36102
36104
36113
36115
36116
36118
36120
36128
36129
36134
36136
36137
36139
36140
36147
36149
36150
36152
36154
36158
36164
36165
36166
36167
36168
36171
36172
36175
36176
36178
36179
36181
36182
36184
36186
36187
36193
36199
36200
36203
36210
36213
36222
36226
36227
36228
36229
36231
36232
36238
36242
36247
36255
36259
36261
36263
36265
36266
36269
36270
36274
36278
36281
36286
36287
36290
36293
36299
36305
36306
36308
36311
36322
36323
36330
36331
36332
36337
36339
36340
36342
36343
36346
36348
36350
36358
36359
36362
36364
36366
36374
36376
36381
36382
36383
36384
36387
36390
36395
36396
36397
36398
36403
36404
36405
36406
36407
36408
36413
36417
36418
36420
36422
36423
36426
36431
36432
36435
36436
36437
36438
36443
36446
36450
36453
36457
36458
36461
36462
36463
36466
36468
36469
36471
36473
36474
36482
36483
36484
36486
36488
36490
36494
36495
36497
36501
36509
36511
36512
36515
36523
36526
36527
36528
36529
36530
36532
36533
36534
36541
36542
36545
36546
36547
36549
36553
36558
36559
36560
36563
36567
36570
36572
36574
36578
36583
36584
36586
36587
36588
36594
36596
36598
36599
36601
36604
36606
36607
36608
36611
36612
36613
36614
36615
36619
36622
36623
36625
36631
36632
36633
36635
36636
36637
36638
36640
36641
36644
36651
36653
36656
36659
36662
36663
36666
36669
36671
36672
36675
36676
36684
36688
36692
36698
36699
36700
36703
36704
36705
36707
36709
36714
36717
36719
36720
36722
36723
36725
36727
36730
36731
36732
36733
36737
36739
36742
36744
36746
36747
36755
36756
36762
36763
36764
36766
36769
36770
36771
36773
36774
36778
36780
36781
36783
36785
36790
36792
36795
36796
36801
36802
36804
36805
36807
36808
36811
36812
36814
36818
36819
36820
36822
36823
36825
36827
36829
36831
36834
36836
36840
36841
36843
36844
36845
36847
36849
36856
36859
36860
36861
36866
36867
36869
36875
36877
36879
36880
36882
36883
36884
36887
36890
36892
36896
36897
36898
36900
36904
36909
36912
36915
36917
36920
36921
36925
36932
36933
36934
36936
36941
36943
36945
36948
36953
36956
36959
36961
36965
36966
36967
36969
36972
36973
36974
36975
36979
36981
36982
36986
36987
36991
36993
36994
36995
36997
36998
37000
