2
3
6
7
15
17
18
19
22
23
28
30
31
37
54
56
57
61
63
68
70
75
78
91
93
95
98
99
106
108
110
111
126
129
131
135
140
142
145
148
153
154
155
160
162
165
166
172
174
176
182
184
189
190
203
206
209
213
218
221
223
226
229
232
235
236
238
242
244
254
259
260
261
262
269
275
279
281
282
283
285
291
293
294
301
302
310
313
318
319
322
328
329
331
332
334
335
336
337
339
341
345
349
352
363
364
365
368
369
370
375
376
377
378
384
390
392
394
398
399
402
404
405
407
408
412
413
415
416
420
422
423
424
425
427
433
434
439
440
443
444
447
449
450
451
453
455
456
457
459
460
463
465
469
470
471
473
478
482
487
489
495
498
499
500
501
503
510
515
517
521
525
526
532
533
538
543
551
553
555
558
571
574
575
583
590
593
594
600
606
612
615
616
618
619
623
626
629
635
636
641
646
647
652
656
663
665
667
669
670
673
675
676
681
682
683
684
690
697
698
702
706
709
711
712
713
717
720
722
727
732
737
738
741
748
749
750
755
759
760
763
764
768
773
774
775
776
780
781
782
787
788
789
790
795
802
803
804
806
809
812
818
819
820
822
823
826
828
833
834
837
842
845
846
847
853
855
859
862
866
867
868
870
875
884
891
892
894
899
900
913
915
917
925
927
928
941
942
944
945
947
952
954
958
959
962
964
965
966
968
969
970
971
974
979
984
987
989
990
992
996
998
999
1000
1002
1005
1009
1010
1013
1015
1016
1017
1019
1020
1023
1024
1025
1026
1028
1029
1033
1035
1040
1042
1049
1051
1054
1056
1058
1061
1063
1064
1066
1067
1072
1073
1077
1084
1093
1095
1100
1101
1105
1107
1108
1109
1111
1112
1120
1126
1127
1128
1130
1135
1141
1143
1145
1146
1149
1152
1154
1158
1161
1163
1164
1169
1171
1172
1175
1176
1179
1180
1183
1184
1189
1202
1203
1208
1209
1210
1215
1218
1222
1225
1226
1229
1235
1236
1238
1241
1246
1247
1249
1251
1253
1254
1255
1258
1263
1264
1268
1270
1271
1273
1280
1282
1283
1294
1295
1297
1302
1308
1310
1311
1313
1314
1319
1322
1326
1331
1332
1333
1337
1340
1342
1351
1360
1361
1372
1374
1376
1378
1380
1381
1382
1383
1385
1386
1388
1393
1403
1409
1410
1411
1413
1414
1416
1420
1423
1426
1427
1428
1430
1432
1438
1441
1442
1443
1446
1448
1449
1450
1453
1454
1456
1460
1462
1464
1466
1467
1468
1471
1473
1474
1475
1476
1477
1481
1482
1483
1484
1485
1488
1489
1491
1492
1494
1500
1501
1502
1505
1506
1510
1511
1513
1518
1519
1520
1522
1524
1527
1530
1531
1532
1533
1534
1536
1538
1539
1540
1550
1551
1553
1554
1556
1559
1561
1566
1568
1572
1573
1576
1578
1579
1580
1581
1583
1585
1590
1607
1608
1609
1611
1612
1613
1615
1618
1622
1624
1631
1633
1637
1638
1640
1641
1644
1646
1651
1657
1663
1664
1667
1671
1672
1674
1689
1692
1693
1694
1695
1697
1699
1700
1708
1711
1713
1716
1721
1722
1724
1727
1730
1734
1739
1741
1746
1748
1751
1752
1757
1760
1763
1764
1765
1770
1773
1776
1777
1778
1780
1786
1787
1788
1793
1796
1798
1803
1805
1807
1810
1813
1816
1817
1825
1828
1830
1832
1834
1835
1837
1838
1845
1847
1848
1859
1861
1865
1868
1872
1873
1874
1876
1881
1891
1892
1893
1897
1901
1903
1904
1907
1908
1910
1911
1913
1914
1916
1922
1924
1927
1928
1935
1936
1937
1938
1939
1941
1945
1949
1950
1951
1954
1957
1958
1962
1964
1965
1968
1971
1975
1977
1979
1981
1983
1984
1988
1996
1997
1998
2000
2002
2005
2006
2007
2009
2010
2015
2016
2020
2023
2026
2027
2031
2033
2036
2038
2044
2045
2048
2050
2051
2052
2058
2059
2061
2062
2064
2066
2068
2079
2081
2082
2086
2088
2090
2091
2093
2095
2100
2105
2106
2113
2117
2118
2119
2123
2124
2125
2126
2127
2128
2132
2135
2136
2137
2140
2144
2146
2147
2153
2154
2158
2162
2164
2168
2172
2175
2177
2184
2185
2191
2194
2198
2199
2205
2207
2209
2210
2212
2218
2219
2221
2225
2226
2229
2230
2231
2235
2239
2243
2248
2257
2260
2262
2264
2268
2271
2275
2278
2281
2283
2285
2286
2290
2293
2299
2305
2306
2311
2312
2313
2315
2318
2320
2328
2329
2330
2332
2334
2340
2341
2343
2344
2346
2349
2350
2364
2367
2371
2372
2376
2379
2386
2388
2390
2391
2393
2394
2395
2399
2402
2404
2408
2410
2411
2413
2414
2421
2422
2426
2428
2429
2430
2433
2435
2437
2438
2440
2441
2444
2445
2452
2453
2457
2458
2460
2465
2467
2469
2473
2479
2481
2482
2487
2488
2489
2490
2496
2499
2500
2505
2506
2508
2510
2513
2514
2517
2519
2521
2524
2526
2528
2529
2533
2536
2538
2543
2544
2548
2549
2550
2553
2556
2562
2565
2566
2567
2569
2570
2573
2574
2575
2578
2579
2582
2584
2585
2590
2591
2596
2598
2600
2608
2617
2618
2621
2623
2625
2627
2628
2632
2636
2637
2639
2646
2649
2651
2652
2658
2660
2662
2663
2664
2669
2671
2672
2676
2677
2678
2680
2683
2688
2691
2692
2698
2700
2701
2702
2705
2707
2711
2714
2716
2720
2722
2723
2726
2731
2735
2738
2741
2744
2748
2750
2751
2754
2755
2756
2757
2758
2760
2762
2763
2764
2767
2769
2773
2777
2778
2781
2786
2787
2791
2799
2805
2808
2810
2811
2812
2816
2822
2823
2824
2825
2827
2829
2833
2834
2836
2841
2846
2847
2848
2849
2851
2852
2854
2857
2859
2860
2862
2866
2868
2874
2875
2880
2883
2884
2886
2887
2888
2889
2891
2893
2894
2898
2900
2902
2904
2914
2915
2916
2917
2919
2923
2924
2925
2926
2930
2934
2942
2944
2945
2948
2953
2954
2956
2959
2960
2962
2963
2974
2980
2982
2986
2988
2989
2993
2995
2998
2999
3001
3004
3009
3010
3014
3020
3021
3023
3025
3026
3027
3028
3029
3031
3032
3035
3038
3040
3047
3049
3052
3054
3055
3056
3057
3058
3063
3064
3066
3067
3070
3075
3079
3084
3088
3091
3092
3094
3096
3097
3098
3100
3101
3102
3105
3107
3114
3121
3122
3124
3125
3130
3132
3133
3136
3142
3144
3145
3150
3155
3159
3165
3168
3172
3175
3186
3190
3192
3194
3195
3197
3199
3200
3201
3203
3204
3205
3208
3210
3212
3213
3217
3219
3223
3225
3232
3233
3242
3244
3245
3246
3249
3256
3265
3267
3273
3275
3276
3283
3285
3288
3291
3293
3299
3306
3307
3312
3319
3321
3322
3326
3330
3332
3333
3334
3335
3337
3343
3350
3356
3357
3364
3365
3374
3378
3382
3384
3385
3387
3388
3389
3392
3399
3401
3402
3403
3405
3414
3417
3421
3423
3425
3430
3437
3440
3442
3451
3453
3458
3461
3464
3466
3469
3471
3472
3474
3479
3480
3484
3486
3487
3490
3492
3498
3500
3507
3508
3509
3510
3513
3520
3522
3530
3532
3533
3536
3541
3544
3547
3549
3552
3554
3555
3556
3558
3563
3567
3568
3571
3573
3575
3576
3582
3590
3593
3594
3598
3599
3602
3606
3609
3615
3617
3621
3622
3623
3624
3632
3633
3637
3644
3646
3647
3648
3651
3657
3661
3663
3669
3670
3671
3677
3686
3687
3695
3696
3697
3704
3710
3711
3712
3714
3715
3717
3726
3728
3730
3733
3735
3737
3743
3746
3749
3751
3753
3755
3756
3763
3764
3767
3773
3782
3786
3788
3789
3791
3793
3799
3801
3802
3803
3808
3810
3811
3812
3814
3815
3816
3817
3820
3822
3827
3830
3831
3837
3845
3850
3852
3853
3861
3862
3865
3867
3870
3872
3873
3876
3877
3878
3879
3881
3891
3892
3894
3895
3898
3902
3906
3907
3910
3911
3913
3915
3916
3921
3922
3923
3931
3932
3933
3935
3936
3937
3938
3939
3941
3942
3944
3949
3952
3957
3961
3970
3973
3974
3979
3980
3986
3987
3988
3989
3991
3996
4003
4005
4006
4008
4009
4010
4015
4016
4017
4034
4035
4037
4038
4041
4043
4047
4049
4051
4055
4059
4061
4063
4064
4066
4067
4068
4069
4079
4081
4082
4083
4084
4085
4086
4087
4088
4090
4093
4096
4099
4100
4103
4105
4106
4109
4111
4113
4117
4118
4120
4121
4124
4128
4129
4134
4140
4141
4149
4150
4151
4153
4154
4157
4163
4165
4174
4179
4180
4189
4192
4193
4199
4200
4204
4211
4213
4216
4220
4222
4224
4228
4229
4240
4242
4246
4248
4250
4251
4252
4253
4256
4260
4267
4276
4277
4280
4282
4284
4285
4287
4290
4297
4298
4307
4312
4313
4316
4319
4320
4328
4329
4332
4333
4342
4343
4345
4346
4351
4359
4368
4369
4371
4377
4380
4384
4390
4394
4397
4398
4402
4403
4407
4410
4412
4413
4416
4418
4419
4420
4422
4427
4433
4436
4440
4444
4445
4450
4455
4456
4461
4464
4468
4475
4477
4480
4488
4490
4493
4494
4495
4497
4501
4502
4505
4506
4507
4508
4509
4511
4516
4518
4520
4524
4525
4532
4534
4539
4542
4543
4544
4550
4551
4554
4556
4558
4560
4562
4563
4568
4569
4571
4572
4574
4578
4580
4584
4586
4588
4591
4592
4594
4595
4597
4600
4605
4607
4608
4610
4612
4613
4624
4627
4628
4629
4631
4636
4639
4641
4648
4654
4658
4662
4663
4665
4667
4670
4673
4679
4681
4684
4685
4686
4688
4691
4697
4698
4714
4715
4716
4734
4736
4740
4741
4744
4746
4747
4750
4751
4752
4755
4758
4761
4763
4766
4768
4769
4772
4773
4776
4780
4781
4782
4783
4786
4788
4789
4790
4792
4796
4798
4799
4802
4804
4805
4810
4814
4815
4816
4817
4818
4819
4820
4822
4823
4827
4830
4835
4840
4841
4842
4844
4855
4859
4861
4868
4874
4875
4882
4891
4892
4897
4901
4903
4904
4907
4916
4919
4921
4922
4923
4924
4925
4926
4929
4930
4933
4937
4940
4941
4945
4951
4954
4958
4963
4968
4973
4976
4978
4981
4982
4983
4984
4985
4987
4988
4989
4994
4996
4999
5000
5001
5003
5008
5018
5039
5040
5041
5042
5043
5050
5051
5052
5061
5064
5065
5068
5069
5070
5072
5075
5079
5082
5084
5086
5088
5089
5090
5094
5097
5100
5107
5109
5110
5113
5114
5117
5120
5122
5126
5127
5130
5132
5134
5139
5143
5144
5150
5152
5154
5156
5159
5162
5163
5165
5167
5168
5170
5172
5177
5179
5181
5182
5183
5184
5185
5187
5189
5190
5191
5201
5202
5206
5208
5210
5212
5222
5224
5227
5228
5229
5230
5234
5241
5242
5251
5252
5254
5255
5258
5260
5266
5267
5271
5273
5277
5278
5279
5281
5282
5285
5286
5293
5295
5298
5305
5306
5309
5311
5313
5314
5316
5319
5320
5321
5322
5334
5342
5345
5346
5349
5350
5353
5354
5356
5359
5361
5362
5365
5383
5386
5388
5390
5392
5395
5398
5399
5401
5404
5408
5409
5418
5420
5421
5427
5428
5429
5437
5440
5446
5450
5451
5466
5467
5470
5471
5472
5473
5481
5482
5483
5484
5486
5487
5489
5490
5491
5492
5495
5497
5499
5501
5505
5507
5511
5516
5517
5519
5521
5522
5523
5524
5527
5530
5535
5536
5537
5540
5542
5558
5563
5564
5568
5569
5570
5572
5576
5578
5580
5582
5586
5587
5588
5590
5594
5601
5605
5607
5610
5611
5612
5620
5621
5626
5627
5628
5629
5630
5632
5633
5635
5639
5641
5644
5646
5647
5648
5649
5650
5655
5661
5662
5664
5667
5668
5669
5670
5672
5673
5674
5675
5676
5678
5682
5685
5690
5695
5700
5701
5704
5706
5710
5711
5714
5719
5724
5727
5728
5729
5730
5731
5733
5734
5748
5755
5761
5765
5768
5770
5773
5776
5778
5779
5781
5792
5794
5795
5797
5798
5800
5809
5816
5817
5818
5822
5825
5826
5828
5829
5830
5832
5838
5840
5842
5849
5851
5852
5854
5855
5856
5862
5863
5865
5866
5867
5868
5872
5879
5880
5881
5882
5884
5890
5891
5893
5894
5895
5900
5901
5905
5912
5915
5916
5920
5922
5925
5932
5934
5935
5936
5940
5942
5944
5948
5949
5950
5953
5956
5959
5964
5966
5970
5980
5983
5984
5988
5996
5999
6002
6005
6006
6009
6014
6015
6016
6021
6022
6023
6027
6028
6031
6036
6037
6039
6050
6055
6059
6060
6062
6064
6069
6071
6073
6074
6076
6077
6081
6082
6083
6084
6085
6090
6091
6098
6102
6107
6108
6110
6114
6120
6122
6125
6130
6134
6136
6138
6145
6154
6161
6162
6163
6166
6168
6171
6174
6178
6179
6187
6188
6193
6194
6197
6199
6201
6204
6206
6211
6214
6215
6220
6224
6228
6230
6232
6237
6238
6240
6241
6244
6247
6248
6254
6256
6258
6260
6262
6263
6266
6268
6270
6273
6274
6275
6278
6280
6282
6292
6294
6296
6300
6304
6307
6311
6312
6313
6314
6315
6320
6321
6327
6329
6330
6338
6339
6340
6341
6342
6343
6344
6345
6346
6347
6351
6352
6361
6362
6364
6365
6368
6372
6373
6380
6381
6383
6391
6392
6396
6399
6400
6403
6404
6405
6409
6410
6412
6413
6418
6420
6437
6439
6440
6442
6443
6444
6448
6452
6453
6455
6456
6457
6458
6460
6461
6463
6466
6468
6471
6473
6477
6480
6483
6484
6485
6488
6489
6491
6494
6496
6497
6501
6503
6504
6505
6507
6508
6509
6511
6513
6515
6521
6524
6533
6537
6541
6550
6552
6554
6555
6557
6558
6559
6562
6563
6564
6569
6570
6572
6573
6576
6577
6578
6580
6581
6587
6588
6590
6591
6592
6594
6597
6602
6604
6605
6607
6609
6610
6614
6615
6624
6628
6630
6633
6638
6643
6644
6647
6648
6655
6661
6663
6667
6668
6672
6677
6681
6683
6685
6686
6689
6690
6692
6694
6696
6698
6699
6701
6705
6713
6714
6715
6718
6719
6720
6725
6727
6729
6730
6734
6737
6738
6739
6740
6742
6750
6751
6753
6758
6759
6760
6763
6766
6771
6781
6782
6786
6790
6791
6794
6796
6802
6804
6807
6808
6812
6816
6821
6827
6834
6838
6854
6856
6858
6861
6862
6866
6867
6868
6870
6871
6872
6874
6879
6883
6885
6891
6892
6896
6897
6900
6901
6907
6909
6910
6912
6915
6917
6918
6923
6926
6927
6929
6930
6938
6939
6940
6941
6942
6943
6944
6947
6948
6951
6952
6955
6957
6962
6966
6969
6970
6979
6980
6981
6982
6983
6984
6989
6993
6995
6997
6998
7001
7003
7005
7006
7007
7009
7010
7017
7018
7019
7020
7024
7031
7032
7034
7038
7039
7045
7046
7052
7053
7054
7061
7062
7066
7067
7069
7071
7074
7084
7089
7090
7091
7093
7102
7103
7107
7110
7116
7117
7120
7122
7123
7133
7136
7139
7143
7145
7149
7152
7155
7158
7159
7161
7163
7166
7168
7169
7170
7171
7172
7173
7174
7177
7178
7183
7185
7187
7193
7195
7196
7197
7198
7199
7201
7202
7203
7207
7210
7215
7217
7218
7219
7221
7224
7225
7226
7231
7233
7234
7236
7241
7242
7243
7245
7246
7247
7248
7250
7252
7256
7259
7260
7261
7265
7267
7271
7272
7278
7284
7286
7287
7288
7292
7295
7298
7299
7305
7306
7309
7312
7325
7326
7327
7331
7332
7339
7341
7345
7348
7354
7359
7360
7365
7368
7377
7381
7382
7384
7385
7387
7388
7390
7391
7396
7400
7401
7408
7409
7410
7411
7414
7417
7418
7422
7425
7428
7429
7432
7438
7439
7440
7441
7443
7446
7448
7452
7453
7454
7462
7465
7471
7476
7477
7478
7479
7480
7483
7486
7489
7491
7493
7496
7497
7500
7501
7502
7505
7513
7526
7529
7530
7533
7534
7539
7541
7542
7543
7547
7550
7554
7556
7560
7564
7565
7567
7568
7571
7575
7579
7589
7590
7596
7598
7604
7608
7612
7613
7616
7618
7620
7621
7622
7625
7626
7627
7629
7631
7635
7640
7644
7646
7649
7651
7653
7656
7660
7661
7664
7680
7683
7685
7687
7695
7699
7700
7701
7702
7703
7707
7708
7713
7718
7729
7731
7732
7734
7736
7737
7740
7741
7742
7743
7745
7746
7749
7751
7758
7766
7767
7774
7775
7777
7782
7785
7787
7788
7789
7790
7796
7797
7798
7801
7804
7807
7812
7815
7819
7823
7827
7829
7830
7835
7838
7839
7844
7846
7849
7852
7853
7858
7865
7869
7871
7875
7877
7878
7880
7893
7894
7896
7900
7907
7911
7913
7914
7915
7917
7918
7919
7922
7923
7924
7929
7931
7935
7936
7940
7941
7942
7945
7946
7949
7952
7957
7958
7959
7960
7963
7967
7968
7969
7970
7971
7972
7973
7974
7975
7976
7977
7981
7982
7984
7985
7986
7987
7994
7998
8001
8002
8003
8008
8011
8012
8013
8015
8018
8019
8020
8027
8028
8037
8039
8043
8047
8049
8050
8056
8065
8066
8068
8070
8081
8082
8083
8090
8093
8094
8095
8097
8099
8104
8109
8110
8113
8116
8118
8119
8121
8125
8126
8127
8129
8131
8134
8135
8137
8143
8149
8153
8154
8155
8159
8161
8163
8166
8167
8168
8172
8178
8181
8182
8183
8184
8185
8186
8187
8200
8202
8205
8206
8207
8210
8213
8214
8215
8219
8222
8226
8227
8235
8237
8238
8240
8245
8246
8248
8252
8261
8263
8270
8271
8272
8275
8278
8281
8286
8295
8299
8305
8309
8310
8311
8313
8314
8318
8319
8320
8322
8323
8325
8326
8327
8328
8330
8333
8344
8349
8350
8351
8352
8354
8356
8358
8359
8362
8367
8368
8375
8378
8380
8384
8387
8389
8393
8396
8400
8403
8405
8409
8410
8412
8413
8415
8416
8417
8420
8423
8424
8426
8427
8428
8430
8431
8432
8440
8443
8444
8446
8450
8451
8452
8453
8454
8455
8460
8461
8465
8466
8472
8479
8480
8484
8494
8498
8503
8505
8509
8511
8514
8515
8522
8523
8526
8527
8529
8533
8541
8545
8547
8548
8549
8550
8551
8553
8556
8559
8560
8563
8566
8567
8574
8577
8579
8586
8595
8596
8597
8599
8602
8603
8604
8614
8619
8625
8629
8630
8632
8634
8636
8637
8643
8644
8647
8648
8652
8653
8657
8658
8659
8662
8664
8669
8672
8674
8678
8683
8687
8690
8695
8696
8699
8705
8709
8713
8717
8718
8719
8720
8731
8732
8734
8735
8740
8742
8744
8745
8751
8753
8754
8758
8765
8769
8772
8775
8777
8780
8781
8782
8783
8786
8788
8790
8792
8796
8797
8798
8800
8801
8807
8809
8812
8813
8816
8817
8819
8820
8825
8832
8833
8834
8837
8838
8839
8840
8843
8845
8846
8851
8855
8857
8858
8859
8863
8868
8869
8871
8877
8879
8881
8884
8885
8886
8892
8893
8895
8897
8898
8900
8903
8904
8905
8906
8907
8910
8912
8915
8919
8921
8924
8932
8933
8937
8941
8947
8951
8952
8953
8954
8957
8958
8959
8961
8962
8966
8968
8969
8970
8972
8974
8975
8976
8977
8985
8990
8994
8997
9000
9002
9003
9005
9007
9009
9011
9016
9018
9026
9030
9038
9043
9048
9063
9065
9067
9074
9075
9076
9077
9079
9080
9081
9084
9085
9087
9089
9090
9093
9095
9099
9101
9104
9111
9113
9118
9119
9120
9127
9131
9135
9136
9139
9141
9144
9145
9153
9157
9159
9160
9162
9165
9170
9173
9176
9178
9179
9181
9183
9190
9191
9192
9193
9194
9195
9196
9197
9198
9201
9203
9207
9209
9216
9217
9220
9223
9226
9230
9234
9239
9241
9242
9245
9248
9250
9253
9255
9258
9260
9262
9263
9265
9267
9269
9270
9272
9276
9288
9295
9297
9298
9300
9301
9305
9306
9308
9313
9314
9315
9316
9317
9320
9321
9322
9323
9324
9325
9326
9329
9332
9334
9335
9336
9337
9338
9339
9341
9342
9345
9347
9352
9353
9357
9359
9361
9364
9366
9367
9368
9372
9384
9387
9388
9389
9394
9398
9400
9402
9406
9407
9412
9414
9419
9420
9424
9430
9434
9439
9452
9453
9454
9455
9465
9467
9470
9472
9474
9485
9487
9488
9492
9493
9495
9499
9503
9504
9511
9514
9517
9518
9525
9526
9527
9530
9531
9534
9541
9543
9544
9545
9550
9551
9553
9561
9564
9568
9569
9574
9575
9577
9579
9580
9581
9582
9583
9584
9586
9587
9593
9596
9599
9601
9605
9608
9611
9613
9614
9615
9616
9618
9619
9620
9621
9628
9629
9632
9633
9638
9643
9646
9649
9651
9652
9655
9658
9659
9662
9663
9665
9666
9667
9671
9674
9675
9676
9686
9688
9689
9693
9695
9696
9698
9699
9705
9707
9716
9719
9721
9722
9723
9725
9728
9731
9732
9735
9738
9743
9745
9751
9756
9759
9763
9764
9765
9766
9776
9779
9782
9787
9792
9795
9798
9799
9809
9821
9829
9830
9831
9832
9833
9839
9841
9842
9843
9844
9846
9848
9855
9859
9863
9864
9866
9869
9870
9871
9872
9874
9875
9880
9882
9884
9890
9891
9893
9894
9895
9896
9897
9898
9902
9904
9905
9908
9909
9913
9914
9917
9918
9919
9920
9921
9923
9929
9930
9932
9936
9937
9946
9947
9948
9952
9954
9958
9959
9963
9966
9967
9968
9970
9972
9973
9974
9981
9982
9984
9987
9993
9995
9996
9997
10002
10006
10015
10023
10028
10031
10045
10046
10052
10055
10056
10065
10069
10071
10073
10080
10082
10083
10084
10087
10093
10095
10099
10100
10102
10108
10109
10111
10112
10119
10123
10128
10131
10139
10142
10143
10145
10147
10151
10154
10156
10157
10160
10162
10163
10172
10174
10181
10186
10189
10190
10191
10196
10198
10200
10201
10206
10211
10212
10214
10217
10220
10222
10226
10228
10230
10232
10239
10240
10251
10253
10257
10259
10260
10265
10266
10271
10275
10278
10282
10284
10289
10292
10296
10298
10307
10311
10313
10314
10315
10321
10326
10327
10331
10333
10335
10337
10338
10340
10343
10345
10346
10347
10352
10353
10355
10359
10361
10362
10363
10366
10371
10376
10377
10379
10380
10384
10387
10389
10390
10392
10393
10395
10397
10398
10402
10405
10407
10408
10409
10411
10414
10415
10417
10421
10426
10433
10438
10441
10444
10451
10461
10462
10466
10467
10471
10476
10479
10480
10482
10483
10485
10487
10488
10501
10503
10508
10511
10514
10516
10518
10520
10522
10524
10526
10527
10536
10537
10538
10541
10544
10545
10546
10548
10551
10553
10562
10564
10565
10566
10568
10569
10572
10574
10579
10581
10584
10587
10588
10590
10591
10594
10596
10597
10598
10599
10602
10603
10612
10613
10615
10617
10622
10630
10631
10636
10638
10646
10648
10660
10662
10663
10665
10666
10667
10669
10673
10674
10678
10679
10682
10684
10699
10700
10701
10704
10708
10713
10717
10719
10726
10727
10730
10734
10745
10748
10752
10754
10755
10761
10763
10765
10766
10767
10768
10770
10771
10772
10775
10781
10783
10784
10785
10789
10790
10793
10795
10803
10805
10806
10807
10809
10812
10813
10815
10816
10817
10820
10822
10826
10827
10833
10839
10842
10845
10848
10851
10852
10853
10854
10859
10861
10863
10867
10872
10873
10876
10877
10878
10888
10889
10890
10891
10894
10904
10906
10908
10910
10911
10918
10927
10929
10931
10933
10937
10940
10941
10943
10948
10950
10951
10956
10959
10962
10966
10968
10970
10971
10974
10975
10976
10979
10981
10983
10985
10989
10991
10995
10999
11000
11001
11002
11003
11007
11015
11019
11027
11029
11034
11047
11049
11055
11059
11061
11065
11069
11073
11074
11076
11077
11081
11082
11083
11085
11087
11089
11093
11094
11098
11099
11101
11105
11108
11110
11115
11116
11120
11122
11123
11127
11136
11140
11144
11145
11146
11147
11155
11158
11159
11163
11164
11169
11170
11172
11175
11176
11180
11183
11190
11198
11202
11204
11205
11207
11208
11213
11216
11219
11224
11225
11230
11231
11233
11235
11237
11238
11240
11245
11248
11250
11252
11258
11261
11264
11266
11268
11269
11270
11276
11277
11288
11295
11296
11299
11301
11302
11305
11307
11311
11312
11314
11317
11319
11320
11321
11329
11330
11333
11335
11336
11343
11344
11347
11353
11356
11360
11364
11366
11371
11378
11380
11386
11387
11393
11395
11398
11399
11407
11408
11416
11419
11420
11421
11423
11424
11430
11433
11443
11448
11449
11452
11454
11455
11457
11458
11459
11461
11467
11475
11477
11478
11480
11486
11495
11496
11500
11501
11504
11507
11509
11510
11521
11524
11525
11527
11528
11531
11536
11538
11540
11542
11543
11544
11546
11549
11551
11552
11553
11555
11556
11557
11559
11560
11570
11571
11574
11577
11580
11583
11585
11586
11587
11589
11591
11603
11604
11605
11612
11614
11618
11621
11625
11630
11632
11634
11635
11638
11645
11646
11648
11655
11658
11659
11660
11661
11666
11668
11669
11670
11671
11676
11679
11686
11687
11688
11689
11690
11691
11692
11693
11695
11696
11697
11702
11703
11707
11708
11711
11712
11714
11718
11720
11723
11726
11728
11731
11735
11736
11737
11742
11744
11745
11746
11752
11753
11760
11771
11775
11778
11779
11780
11781
11788
11792
11794
11795
11796
11800
11803
11809
11812
11815
11817
11818
11820
11821
11824
11827
11829
11841
11846
11848
11849
11853
11854
11856
11858
11859
11860
11869
11878
11879
11880
11881
11882
11888
11900
11903
11907
11908
11909
11913
11914
11924
11925
11926
11929
11930
11933
11935
11939
11941
11943
11946
11951
11956
11957
11958
11961
11963
11965
11966
11969
11971
11974
11977
11982
11984
11986
11988
11990
11995
11996
11999
12000
12001
12005
12013
12015
12021
12022
12030
12036
12048
12050
12051
12052
12058
12064
12068
12070
12074
12077
12085
12088
12089
12092
12093
12100
12104
12107
12108
12111
12114
12115
12117
12126
12127
12129
12133
12134
12136
12140
12146
12147
12149
12151
12152
12153
12154
12155
12159
12160
12161
12163
12165
12166
12167
12171
12175
12179
12182
12187
12188
12189
12192
12198
12200
12202
12203
12205
12207
12212
12216
12218
12219
12223
12228
12236
12239
12240
12241
12242
12243
12245
12249
12254
12256
12262
12265
12272
12275
12278
12280
12287
12294
12295
12296
12300
12302
12303
12306
12308
12310
12312
12316
12317
12318
12320
12321
12322
12325
12326
12328
12335
12343
12347
12355
12358
12365
12369
12371
12372
12373
12377
12380
12381
12382
12385
12389
12391
12395
12397
12401
12402
12404
12406
12407
12409
12411
12413
12417
12419
12423
12427
12430
12433
12438
12442
12443
12444
12447
12450
12454
12455
12457
12462
12467
12469
12475
12476
12478
12485
12488
12494
12495
12501
12506
12507
12508
12512
12514
12518
12520
12522
12524
12526
12527
12528
12529
12530
12531
12533
12536
12538
12540
12543
12547
12548
12555
12557
12559
12560
12562
12566
12572
12574
12575
12579
12585
12586
12592
12594
12596
12598
12605
12607
12612
12613
12614
12615
12616
12619
12622
12625
12626
12632
12633
12634
12635
12637
12638
12640
12648
12650
12651
12652
12653
12655
12658
12662
12663
12671
12672
12676
12681
12682
12684
12685
12687
12692
12693
12694
12697
12701
12702
12703
12707
12712
12713
12714
12718
12721
12722
12724
12725
12726
12729
12731
12734
12739
12740
12742
12743
12744
12745
12747
12750
12754
12755
12756
12757
12759
12762
12765
12766
12767
12771
12774
12777
12779
12780
12786
12787
12788
12789
12791
12793
12794
12796
12797
12799
12801
12804
12805
12806
12808
12810
12811
12812
12827
12831
12837
12839
12843
12845
12848
12853
12854
12859
12862
12864
12869
12870
12871
12874
12875
12877
12878
12883
12886
12889
12893
12895
12896
12901
12906
12917
12920
12921
12924
12925
12926
12928
12931
12932
12933
12941
12943
12947
12950
12953
12954
12958
12960
12962
12963
12967
12969
12970
12971
12976
12978
12982
12985
12989
12991
12992
12994
13000
13001
13004
13007
13009
13021
13023
13024
13027
13032
13033
13034
13036
13038
13045
13049
13056
13062
13067
13069
13070
13073
13077
13079
13081
13082
13083
13086
13098
13099
13100
13101
13105
13109
13113
13114
13117
13119
13121
13130
13131
13132
13134
13140
13142
13143
13144
13147
13148
13153
13154
13161
13162
13164
13168
13175
13176
13178
13181
13185
13186
13191
13193
13197
13198
13199
13202
13203
13210
13219
13225
13233
13238
13239
13242
13248
13255
13256
13258
13259
13271
13273
13276
13278
13283
13284
13291
13293
13299
13300
13303
13309
13312
13313
13316
13321
13323
13324
13329
13330
13331
13341
13344
13346
13347
13349
13350
13351
13352
13358
13364
13366
13368
13374
13375
13379
13380
13383
13385
13386
13387
13391
13392
13397
13399
13401
13403
13406
13408
13409
13412
13414
13415
13416
13417
13426
13427
13428
13429
13433
13435
13437
13439
13441
13449
13450
13452
13462
13465
13471
13472
13474
13475
13476
13479
13481
13484
13485
13486
13487
13489
13491
13492
13495
13496
13506
13510
13512
13515
13519
13524
13530
13533
13537
13546
13547
13552
13553
13555
13561
13563
13568
13571
13573
13577
13579
13582
13585
13586
13588
13592
13595
13599
13601
13605
13606
13607
13615
13616
13617
13621
13622
13623
13624
13625
13627
13631
13632
13638
13639
13644
13646
13650
13653
13656
13663
13668
13670
13672
13675
13680
13682
13684
13685
13687
13690
13691
13692
13695
13697
13702
13703
13704
13705
13706
13707
13710
13711
13713
13718
13720
13721
13722
13723
13724
13725
13726
13727
13733
13735
13738
13739
13741
13742
13745
13747
13749
13754
13760
13761
13766
13768
13771
13773
13775
13776
13780
13783
13784
13786
13787
13793
13796
13797
13802
13806
13813
13820
13823
13826
13836
13841
13843
13845
13847
13851
13852
13861
13862
13874
13877
13879
13881
13883
13884
13885
13886
13888
13889
13891
13894
13895
13898
13899
13901
13902
13905
13907
13908
13909
13912
13914
13919
13920
13925
13926
13930
13932
13934
13935
13937
13940
13950
13953
13957
13962
13967
13974
13976
13978
13982
13984
13989
13991
13992
13993
13996
13997
13998
14006
14008
14016
14017
14020
14024
14032
14033
14041
14043
14044
14045
14048
14050
14052
14053
14054
14055
14056
14058
14059
14060
14061
14062
14066
14067
14070
14075
14077
14079
14084
14087
14091
14093
14096
14097
14099
14101
14102
14103
14107
14108
14109
14111
14116
14117
14125
14135
14136
14145
14146
14147
14150
14157
14159
14163
14166
14168
14177
14180
14182
14183
14185
14187
14188
14190
14194
14205
14206
14209
14214
14216
14218
14225
14229
14230
14235
14241
14247
14250
14253
14256
14259
14263
14271
14274
14278
14279
14281
14284
14289
14290
14292
14294
14297
14304
14306
14307
14310
14314
14320
14322
14326
14331
14333
14346
14350
14353
14357
14362
14366
14370
14373
14380
14384
14385
14387
14388
14394
14395
14407
14410
14412
14414
14415
14419
14422
14423
14424
14425
14431
14432
14433
14436
14437
14447
14448
14451
14453
14454
14455
14465
14468
14469
14470
14471
14472
14474
14478
14484
14486
14488
14490
14493
14494
14495
14498
14500
14505
14513
14515
14522
14526
14527
14529
14532
14534
14539
14546
14553
14557
14563
14564
14565
14567
14570
14574
14579
14582
14584
14585
14589
14595
14597
14601
14605
14606
14615
14619
14623
14628
14629
14633
14647
14651
14655
14656
14657
14661
14666
14669
14672
14674
14675
14676
14685
14689
14690
14692
14694
14696
14697
14702
14703
14705
14710
14716
14720
14724
14725
14726
14727
14728
14733
14738
14742
14745
14752
14756
14760
14762
14764
14766
14769
14770
14773
14782
14783
14787
14788
14789
14790
14792
14793
14797
14804
14808
14812
14814
14817
14827
14829
14830
14832
14833
14835
14836
14840
14841
14843
14844
14847
14858
14861
14862
14865
14866
14869
14871
14877
14879
14885
14889
14891
14894
14897
14899
14900
14901
14902
14903
14904
14908
14909
14910
14911
14913
14915
14918
14920
14922
14927
14929
14931
14932
14933
14935
14937
14939
14944
14950
14957
14961
14964
14967
14974
14975
14979
14984
14986
14989
14995
14996
14998
15001
15011
15012
15014
15015
15022
15024
15027
15030
15036
15041
15042
15048
15050
15055
15057
15064
15065
15067
15069
15071
15072
15073
15078
15080
15085
15087
15088
15089
15091
15099
15101
15102
15106
15108
15110
15116
15118
15120
15122
15123
15124
15125
15127
15128
15132
15137
15138
15140
15142
15144
15154
15155
15156
15160
15161
15163
15164
15166
15172
15175
15177
15178
15183
15187
15193
15195
15196
15201
15203
15204
15205
15207
15208
15213
15215
15217
15220
15222
15223
15225
15226
15229
15230
15231
15232
15233
15234
15239
15244
15249
15251
15253
15254
15255
15257
15259
15262
15263
15265
15267
15270
15271
15272
15285
15290
15292
15293
15302
15306
15308
15312
15316
15317
15319
15321
15322
15323
15325
15338
15340
15342
15345
15348
15351
15357
15359
15360
15361
15367
15370
15373
15374
15376
15387
15390
15393
15396
15398
15403
15404
15405
15407
15411
15414
15417
15419
15423
15425
15427
15428
15430
15431
15432
15435
15436
15441
15448
15449
15454
15460
15465
15466
15469
15470
15471
15474
15481
15482
15489
15495
15496
15501
15502
15509
15512
15513
15515
15516
15517
15518
15519
15523
15524
15525
15527
15529
15532
15534
15539
15540
15541
15542
15544
15547
15549
15555
15556
15557
15559
15570
15571
15576
15578
15579
15582
15585
15587
15588
15595
15597
15603
15607
15608
15610
15612
15616
15618
15622
15624
15628
15629
15630
15631
15632
15638
15641
15642
15645
15649
15650
15651
15658
15665
15666
15673
15674
15676
15679
15680
15684
15685
15688
15689
15691
15700
15702
15704
15705
15706
15707
15708
15709
15710
15711
15718
15719
15721
15723
15726
15727
15728
15732
15734
15736
15739
15742
15746
15747
15748
15749
15752
15754
15760
15764
15767
15771
15775
15777
15783
15784
15786
15788
15799
15800
15805
15806
15807
15813
15821
15822
15823
15825
15833
15835
15836
15840
15843
15848
15851
15853
15856
15858
15859
15861
15862
15863
15864
15866
15868
15869
15870
15872
15877
15879
15881
15882
15883
15885
15891
15900
15903
15906
15908
15909
15911
15914
15915
15924
15926
15927
15932
15949
15950
15955
15960
15966
15967
15970
15973
15974
15975
15977
15983
15986
15987
15988
15989
15991
15994
15996
15997
15999
16000
16002
16005
16006
16009
16011
16013
16024
16026
16029
16033
16034
16035
16043
16046
16056
16059
16060
16062
16066
16068
16071
16072
16074
16076
16086
16087
16088
16092
16093
16094
16097
16098
16099
16100
16103
16111
16116
16120
16121
16123
16126
16129
16132
16137
16141
16143
16144
16147
16148
16150
16152
16155
16163
16166
16175
16179
16190
16191
16193
16195
16196
16197
16198
16199
16200
16201
16202
16203
16205
16208
16213
16215
16219
16220
16221
16222
16225
16239
16242
16245
16249
16250
16254
16255
16258
16259
16262
16265
16268
16270
16272
16275
16283
16285
16295
16296
16298
16299
16303
16304
16306
16307
16308
16309
16318
16324
16325
16326
16335
16336
16337
16349
16350
16354
16356
16357
16373
16375
16381
16387
16390
16391
16393
16395
16396
16399
16401
16408
16413
16415
16417
16420
16421
16423
16428
16431
16433
16439
16442
16446
16452
16455
16460
16463
16469
16470
16471
16474
16475
16479
16482
16484
16485
16489
16490
16495
16501
16506
16509
16513
16520
16521
16523
16527
16528
16532
16538
16539
16540
16542
16543
16551
16555
16559
16561
16564
16570
16582
16586
16590
16591
16594
16605
16607
16608
16609
16612
16615
16618
16620
16628
16629
16632
16633
16644
16645
16648
16656
16665
16667
16669
16670
16675
16677
16679
16681
16683
16684
16687
16689
16690
16692
16695
16699
16700
16702
16704
16705
16709
16710
16711
16714
16715
16722
16723
16727
16731
16736
16738
16739
16745
16746
16747
16748
16749
16752
16753
16760
16763
16766
16772
16775
16778
16780
16782
16784
16785
16786
16787
16792
16794
16798
16799
16806
16807
16808
16809
16813
16814
16818
16823
16824
16825
16827
16832
16837
16843
16847
16848
16849
16850
16854
16855
16859
16864
16875
16876
16877
16878
16879
16883
16885
16886
16894
16895
16896
16901
16902
16905
16911
16913
16914
16921
16924
16925
16929
16933
16934
16940
16941
16942
16943
16945
16946
16949
16952
16955
16956
16958
16959
16962
16974
16983
16987
16991
16999
17005
17007
17010
17011
17012
17013
17014
17017
17020
17024
17026
17028
17032
17035
17037
17042
17045
17050
17051
17056
17057
17058
17061
17064
17073
17074
17076
17080
17082
17083
17084
17086
17088
17093
17094
17095
17096
17102
17104
17107
17108
17109
17111
17115
17116
17118
17120
17121
17131
17135
17136
17138
17139
17145
17164
17165
17166
17174
17179
17180
17183
17185
17187
17189
17194
17197
17198
17201
17204
17206
17207
17209
17211
17212
17223
17225
17230
17231
17233
17235
17239
17242
17245
17246
17251
17253
17254
17255
17262
17266
17267
17269
17270
17274
17277
17286
17288
17290
17293
17294
17295
17300
17308
17314
17318
17322
17324
17325
17327
17330
17332
17334
17335
17337
17340
17341
17343
17344
17345
17347
17350
17352
17353
17355
17366
17373
17380
17383
17384
17385
17391
17393
17394
17401
17402
17404
17406
17407
17409
17412
17415
17416
17417
17418
17421
17422
17425
17432
17434
17442
17446
17447
17451
17463
17468
17470
17473
17475
17476
17479
17480
17486
17490
17492
17495
17496
17500
17505
17508
17511
17512
17518
17519
17524
17526
17530
17534
17535
17541
17543
17549
17560
17562
17567
17568
17571
17572
17573
17574
17580
17584
17586
17588
17592
17595
17596
17598
17600
17602
17603
17606
17610
17613
17617
17620
17621
17622
17627
17628
17631
17635
17638
17641
17644
17645
17646
17647
17648
17649
17658
17660
17670
17682
17686
17689
17692
17699
17700
17701
17707
17709
17710
17713
17714
17725
17727
17728
17729
17734
17738
17739
17743
17746
17748
17751
17752
17761
17765
17771
17773
17775
17776
17782
17784
17785
17787
17788
17789
17791
17792
17797
17802
17804
17809
17813
17816
17819
17820
17824
17825
17827
17829
17835
17836
17838
17839
17841
17845
17850
17857
17859
17869
17873
17875
17876
17885
17886
17887
17892
17894
17898
17899
17905
17909
17914
17918
17919
17922
17926
17928
17932
17933
17935
17943
17946
17958
17959
17963
17965
17966
17969
17970
17972
17976
17982
17987
17990
17991
17995
17996
17997
17999
18010
18013
18015
18016
18019
18020
18024
18026
18027
18033
18036
18038
18041
18046
18047
18053
18056
18066
18068
18069
18072
18076
18078
18079
18081
18082
18087
18094
18099
18101
18105
18107
18109
18113
18114
18116
18121
18125
18126
18137
18142
18143
18147
18151
18159
18161
18163
18168
18170
18171
18172
18173
18175
18181
18182
18183
18186
18187
18189
18191
18192
18193
18194
18197
18204
18205
18206
18209
18210
18213
18214
18215
18217
18220
18224
18225
18228
18231
18232
18233
18235
18238
18243
18247
18249
18254
18257
18258
18262
18265
18267
18268
18269
18270
18272
18274
18275
18277
18280
18282
18283
18289
18293
18296
18297
18298
18301
18302
18303
18311
18312
18313
18317
18319
18320
18329
18330
18332
18342
18344
18345
18346
18347
18348
18349
18350
18351
18353
18360
18362
18364
18368
18369
18370
18372
18380
18381
18382
18384
18385
18387
18389
18395
18397
18399
18400
18402
18403
18404
18412
18415
18417
18419
18421
18423
18425
18427
18428
18432
18433
18439
18440
18441
18443
18445
18449
18450
18452
18455
18460
18463
18464
18465
18466
18471
18474
18476
18480
18482
18483
18499
18501
18503
18505
18507
18511
18513
18515
18517
18518
18520
18521
18522
18523
18524
18526
18529
18531
18533
18537
18546
18547
18557
18569
18578
18582
18585
18586
18589
18591
18592
18598
18606
18607
18610
18616
18618
18619
18623
18624
18630
18636
18637
18638
18644
18645
18648
18649
18652
18653
18654
18657
18659
18661
18662
18665
18670
18672
18675
18679
18682
18683
18704
18712
18717
18720
18723
18728
18731
18735
18737
18739
18743
18746
18750
18751
18753
18756
18758
18759
18760
18761
18764
18771
18772
18773
18777
18783
18784
18786
18789
18792
18796
18797
18798
18799
18803
18804
18807
18808
18809
18812
18813
18814
18815
18816
18817
18818
18821
18822
18826
18827
18829
18830
18831
18832
18836
18837
18841
18842
18843
18848
18855
18857
18858
18865
18869
18870
18872
18873
18874
18877
18880
18881
18882
18889
18890
18893
18896
18898
18900
18902
18906
18908
18911
18913
18915
18916
18920
18922
18923
18928
18930
18931
18937
18939
18940
18942
18944
18947
18949
18952
18962
18965
18980
18981
18984
18987
18992
18999
19005
19009
19010
19011
19013
19014
19017
19020
19023
19025
19027
19031
19032
19034
19035
19036
19037
19039
19043
19044
19046
19056
19058
19060
19061
19063
19070
19073
19075
19083
19085
19087
19092
19094
19095
19096
19099
19102
19103
19105
19111
19112
19114
19116
19118
19119
19123
19125
19128
19129
19131
19135
19140
19142
19147
19151
19152
19153
19154
19156
19157
19158
19163
19178
19179
19181
19186
19192
19194
19195
19201
19202
19204
19206
19207
19208
19209
19212
19216
19218
19220
19224
19226
19231
19232
19233
19235
19243
19244
19248
19250
19251
19254
19257
19259
19261
19262
19266
19274
19277
19278
19281
19284
19287
19291
19293
19300
19306
19312
19313
19314
19316
19317
19318
19319
19320
19323
19324
19328
19330
19332
19334
19337
19338
19341
19342
19343
19345
19346
19347
19349
19350
19353
19354
19361
19366
19374
19376
19377
19378
19379
19382
19385
19387
19388
19389
19391
19395
19397
19403
19406
19408
19419
19424
19428
19429
19430
19433
19434
19437
19438
19439
19441
19443
19444
19448
19449
19452
19453
19454
19462
19465
19466
19467
19473
19475
19477
19480
19489
19491
19492
19494
19496
19497
19499
19500
19501
19504
19510
19515
19526
19527
19529
19530
19534
19543
19545
19551
19553
19560
19568
19569
19570
19579
19581
19582
19583
19585
19586
19588
19590
19592
19593
19595
19596
19599
19601
19603
19614
19621
19623
19626
19627
19629
19633
19634
19636
19637
19640
19648
19650
19654
19659
19664
19665
19668
19672
19673
19674
19678
19680
19681
19682
19686
19688
19689
19690
19692
19698
19701
19705
19707
19708
19713
19715
19718
19719
19720
19722
19723
19724
19727
19728
19731
19734
19737
19739
19741
19743
19746
19748
19750
19757
19760
19761
19762
19765
19769
19773
19776
19780
19783
19788
19790
19792
19793
19794
19797
19798
19801
19807
19809
19811
19813
19814
19820
19824
19827
19828
19829
19831
19838
19841
19843
19847
19850
19855
19861
19862
19865
19868
19884
19886
19891
19893
19896
19901
19907
19908
19911
19914
19917
19925
19927
19939
19940
19941
19943
19944
19946
19948
19951
19956
19957
19958
19962
19964
19966
19968
19969
19971
19972
19974
19977
19981
19983
19984
19988
19991
19998
20000
20001
20002
20003
20012
20014
20017
20019
20022
20036
20038
20041
20043
20045
20052
20053
20057
20059
20062
20063
20068
20069
20074
20076
20078
20080
20081
20084
20085
20087
20091
20096
20099
20104
20105
20106
20108
20110
20112
20116
20121
20124
20126
20139
20140
20143
20144
20145
20146
20147
20148
20153
20159
20167
20168
20173
20174
20175
20177
20178
20179
20180
20183
20189
20192
20196
20198
20199
20208
20214
20217
20218
20219
20225
20227
20228
20230
20231
20232
20233
20235
20236
20240
20241
20244
20247
20253
20259
20261
20263
20264
20272
20274
20278
20280
20285
20301
20305
20310
20317
20318
20322
20325
20326
20329
20330
20335
20340
20341
20345
20348
20349
20350
20353
20354
20358
20360
20361
20365
20366
20372
20374
20376
20380
20389
20390
20397
20398
20399
20401
20404
20406
20409
20410
20413
20417
20419
20420
20421
20422
20429
20430
20434
20441
20446
20447
20448
20451
20453
20455
20456
20457
20458
20466
20467
20468
20469
20474
20478
20488
20491
20492
20495
20501
20502
20519
20521
20525
20527
20528
20529
20531
20532
20533
20535
20540
20541
20543
20546
20552
20556
20558
20559
20560
20562
20563
20568
20577
20579
20582
20585
20586
20587
20590
20591
20594
20595
20602
20603
20604
20607
20610
20614
20620
20622
20625
20626
20627
20628
20640
20644
20646
20647
20651
20652
20653
20654
20656
20661
20663
20669
20670
20673
20674
20676
20680
20681
20685
20692
20696
20698
20699
20703
20704
20709
20712
20715
20718
20719
20720
20721
20722
20724
20727
20730
20736
20741
20742
20744
20745
20746
20747
20749
20754
20756
20759
20760
20766
20768
20776
20777
20778
20779
20781
20787
20789
20790
20792
20796
20797
20798
20801
20802
20804
20806
20811
20812
20816
20823
20828
20831
20837
20838
20843
20845
20846
20850
20851
20855
20859
20860
20867
20874
20884
20885
20886
20889
20890
20893
20894
20897
20898
20904
20911
20913
20915
20917
20918
20923
20924
20925
20926
20930
20934
20936
20940
20942
20947
20952
20953
20956
20961
20964
20969
20971
20975
20978
20980
20981
20989
20995
21006
21008
21009
21020
21021
21022
21030
21038
21040
21041
21044
21055
21059
21061
21062
21067
21073
21080
21081
21085
21090
21094
21096
21098
21099
21100
21106
21109
21111
21113
21115
21116
21117
21118
21120
21121
21122
21123
21126
21127
21128
21129
21130
21131
21134
21139
21141
21147
21150
21152
21153
21156
21159
21162
21163
21166
21168
21172
21174
21176
21177
21178
21182
21184
21190
21192
21198
21201
21202
21206
21209
21211
21212
21213
21214
21221
21222
21225
21227
21229
21231
21233
21234
21235
21239
21243
21248
21253
21254
21256
21258
21262
21264
21268
21270
21275
21276
21280
21281
21282
21284
21286
21291
21293
21294
21296
21297
21298
21301
21305
21308
21311
21314
21316
21320
21321
21323
21324
21326
21327
21330
21332
21334
21335
21336
21337
21338
21339
21341
21344
21347
21348
21351
21354
21355
21356
21359
21363
21365
21379
21384
21385
21387
21388
21389
21390
21392
21396
21398
21399
21404
21405
21406
21407
21408
21409
21414
21418
21421
21423
21424
21430
21434
21435
21436
21437
21438
21439
21443
21447
21452
21457
21461
21465
21466
21467
21472
21473
21475
21476
21478
21482
21487
21488
21489
21493
21494
21498
21502
21503
21505
21510
21531
21535
21543
21544
21547
21551
21554
21555
21559
21564
21565
21566
21567
21568
21577
21579
21580
21584
21591
21592
21593
21594
21597
21601
21602
21603
21607
21608
21611
21614
21623
21624
21632
21634
21635
21639
21644
21650
21653
21654
21661
21662
21665
21667
21670
21677
21682
21687
21693
21698
21701
21703
21704
21714
21717
21720
21721
21722
21726
21728
21735
21739
21740
21745
21746
21748
21749
21751
21755
21758
21759
21760
21762
21763
21769
21783
21786
21787
21788
21789
21790
21791
21793
21795
21798
21799
21800
21802
21804
21805
21813
21820
21823
21829
21834
21835
21836
21841
21842
21857
21858
21859
21861
21862
21863
21870
21871
21875
21877
21878
21888
21892
21895
21900
21901
21905
21909
21912
21918
21919
21922
21924
21925
21926
21929
21930
21932
21938
21939
21941
21942
21946
21947
21950
21956
21960
21966
21968
21969
21970
21972
21973
21974
21979
21986
21990
21992
21993
21995
22000
22001
22007
22009
22014
22017
22019
22026
22027
22028
22029
22030
22034
22037
22041
22044
22045
22050
22055
22057
22058
22059
22060
22067
22068
22072
22073
22077
22083
22087
22099
22104
22106
22108
22109
22113
22114
22115
22120
22123
22126
22137
22138
22140
22141
22151
22153
22154
22159
22160
22163
22164
22165
22166
22169
22171
22175
22186
22188
22189
22190
22191
22194
22195
22202
22203
22207
22208
22211
22217
22219
22221
22230
22231
22233
22234
22243
22248
22249
22251
22257
22259
22261
22262
22268
22273
22275
22277
22283
22284
22285
22288
22290
22291
22296
22298
22299
22306
22314
22315
22317
22321
22325
22337
22339
22340
22344
22352
22353
22358
22360
22362
22363
22367
22372
22373
22381
22384
22396
22397
22398
22401
22403
22406
22407
22409
22411
22421
22424
22425
22426
22431
22432
22434
22435
22438
22443
22444
22445
22451
22453
22454
22458
22460
22466
22471
22475
22478
22481
22482
22484
22485
22486
22487
22491
22493
22494
22498
22500
22502
22504
22508
22509
22512
22514
22515
22517
22521
22523
22526
22529
22530
22535
22537
22538
22540
22546
22547
22548
22549
22555
22559
22560
22562
22567
22568
22570
22573
22582
22583
22586
22593
22595
22597
22602
22604
22605
22606
22611
22612
22614
22615
22620
22624
22626
22629
22631
22640
22642
22644
22648
22655
22657
22658
22663
22666
22668
22678
22682
22685
22690
22692
22696
22700
22703
22711
22714
22718
22719
22722
22723
22727
22729
22730
22737
22738
22739
22742
22743
22744
22757
22759
22763
22764
22766
22770
22771
22776
22778
22779
22780
22782
22785
22791
22793
22797
22801
22807
22808
22812
22814
22815
22818
22821
22823
22826
22829
22830
22834
22835
22847
22849
22850
22852
22856
22863
22864
22868
22869
22873
22880
22882
22892
22894
22897
22899
22902
22908
22910
22914
22916
22918
22919
22920
22922
22924
22925
22928
22929
22932
22933
22937
22940
22941
22945
22946
22952
22955
22958
22959
22962
22964
22966
22970
22981
22982
22984
22993
22995
22996
23000
23003
23004
23009
23011
23012
23016
23018
23025
23029
23030
23031
23032
23039
23042
23048
23050
23052
23055
23056
23057
23058
23061
23062
23063
23065
23066
23067
23071
23075
23076
23077
23087
23091
23092
23093
23094
23095
23096
23107
23111
23112
23116
23118
23120
23122
23124
23126
23131
23133
23134
23135
23142
23145
23147
23148
23149
23151
23154
23160
23166
23167
23170
23171
23172
23173
23174
23175
23179
23183
23189
23191
23196
23197
23199
23202
23203
23207
23213
23214
23223
23225
23227
23229
23231
23232
23234
23239
23243
23246
23249
23253
23257
23258
23260
23261
23267
23273
23274
23278
23280
23287
23288
23289
23290
23292
23294
23295
23304
23310
23311
23312
23314
23321
23323
23327
23328
23333
23336
23337
23340
23341
23342
23346
23347
23350
23356
23358
23360
23365
23368
23370
23374
23375
23376
23378
23379
23383
23387
23390
23391
23392
23395
23400
23402
23405
23408
23409
23410
23412
23417
23419
23429
23435
23436
23447
23448
23453
23454
23455
23456
23457
23462
23465
23467
23473
23476
23478
23480
23482
23483
23485
23491
23493
23495
23496
23498
23500
23503
23507
23508
23511
23512
23513
23514
23515
23518
23523
23524
23525
23526
23527
23528
23529
23531
23538
23541
23543
23544
23545
23547
23549
23554
23567
23573
23574
23575
23578
23582
23583
23584
23589
23596
23599
23601
23603
23604
23607
23608
23611
23613
23618
23620
23621
23622
23625
23630
23631
23635
23638
23639
23640
23642
23645
23647
23648
23654
23662
23671
23676
23679
23684
23690
23694
23696
23699
23704
23705
23706
23707
23709
23711
23716
23717
23719
23720
23726
23727
23728
23730
23734
23735
23737
23739
23742
23744
23745
23746
23748
23750
23752
23753
23756
23769
23771
23775
23776
23777
23780
23782
23789
23792
23794
23796
23804
23806
23808
23812
23813
23814
23821
23825
23826
23828
23829
23840
23842
23843
23845
23849
23861
23865
23872
23876
23878
23879
23884
23891
23893
23894
23898
23900
23904
23907
23908
23909
23912
23913
23914
23915
23923
23926
23931
23932
23933
23937
23940
23947
23948
23955
23957
23958
23964
23965
23970
23974
23975
23978
23979
23981
23983
23986
23989
23994
24003
24005
24008
24009
24017
24020
24021
24023
24024
24025
24032
24033
24034
24037
24040
24047
24051
24053
24054
24055
24065
24066
24068
24076
24079
24080
24091
24098
24101
24103
24104
24107
24108
24109
24112
24114
24117
24121
24132
24134
24136
24139
24140
24141
24145
24147
24148
24149
24151
24153
24154
24157
24158
24160
24162
24163
24164
24166
24176
24179
24180
24181
24182
24184
24186
24191
24195
24200
24201
24206
24209
24216
24218
24221
24223
24237
24239
24243
24244
24245
24247
24248
24251
24252
24259
24261
24263
24265
24271
24272
24274
24276
24277
24278
24281
24282
24284
24286
24289
24295
24302
24303
24305
24306
24311
24313
24314
24316
24323
24325
24331
24333
24334
24339
24340
24342
24344
24345
24347
24351
24354
24360
24363
24366
24368
24369
24371
24372
24373
24378
24381
24383
24385
24389
24391
24392
24393
24394
24395
24397
24400
24402
24403
24405
24412
24413
24417
24418
24427
24428
24433
24434
24438
24439
24441
24445
24447
24449
24456
24457
24458
24460
24462
24467
24468
24469
24475
24476
24477
24482
24483
24490
24491
24494
24495
24496
24499
24502
24504
24505
24506
24509
24511
24517
24523
24528
24530
24531
24536
24537
24539
24542
24548
24549
24552
24560
24561
24565
24571
24572
24576
24582
24587
24590
24592
24593
24594
24595
24598
24602
24603
24608
24609
24611
24613
24616
24617
24619
24621
24623
24624
24626
24627
24630
24631
24632
24633
24634
24635
24639
24640
24643
24645
24650
24651
24653
24654
24660
24661
24662
24668
24671
24672
24676
24682
24687
24691
24692
24694
24698
24703
24704
24707
24713
24718
24722
24729
24733
24734
24740
24742
24744
24745
24746
24747
24751
24752
24754
24755
24758
24763
24768
24769
24772
24774
24777
24790
24793
24796
24797
24801
24804
24806
24809
24811
24812
24818
24819
24820
24821
24825
24827
24828
24830
24834
24838
24839
24843
24846
24847
24852
24862
24863
24873
24874
24879
24884
24885
24890
24892
24895
24896
24897
24899
24901
24903
24904
24906
24910
24913
24914
24915
24916
24921
24925
24930
24936
24943
24949
24950
24953
24959
24968
24969
24975
24976
24985
24989
24991
24994
24997
24998
24999
25000
25009
25011
25013
25020
25022
25024
25031
25033
25036
25040
25046
25051
25052
25054
25065
25067
25068
25070
25073
25080
25081
25092
25094
25095
25102
25104
25105
25111
25116
25117
25120
25123
25132
25135
25136
25137
25141
25142
25143
25145
25147
25148
25152
25155
25156
25159
25160
25161
25166
25167
25168
25171
25172
25181
25184
25185
25187
25190
25191
25193
25206
25207
25210
25219
25221
25222
25227
25228
25233
25237
25238
25241
25242
25243
25244
25246
25249
25254
25256
25258
25259
25263
25264
25265
25266
25269
25272
25274
25275
25276
25278
25279
25283
25284
25292
25293
25296
25297
25298
25303
25305
25312
25316
25319
25320
25321
25322
25324
25325
25326
25328
25329
25331
25332
25334
25337
25339
25340
25343
25351
25353
25354
25363
25364
25365
25367
25370
25372
25375
25379
25381
25384
25387
25390
25393
25396
25399
25403
25405
25410
25411
25412
25419
25421
25422
25424
25426
25427
25429
25432
25433
25434
25438
25442
25445
25449
25452
25458
25459
25461
25462
25463
25464
25466
25480
25481
25482
25484
25485
25486
25491
25492
25495
25502
25503
25509
25511
25513
25515
25518
25522
25525
25530
25536
25538
25540
25542
25547
25548
25550
25552
25554
25556
25557
25562
25564
25567
25573
25577
25586
25589
25590
25593
25595
25597
25600
25603
25611
25613
25614
25617
25619
25626
25627
25630
25633
25640
25644
25647
25648
25649
25650
25651
25652
25658
25659
25661
25663
25664
25672
25673
25674
25680
25681
25686
25691
25697
25699
25702
25705
25709
25714
25715
25716
25720
25723
25725
25727
25728
25729
25730
25738
25740
25743
25748
25751
25752
25756
25757
25760
25764
25765
25769
25774
25775
25776
25781
25784
25793
25798
25801
25802
25803
25805
25806
25812
25815
25816
25823
25827
25829
25831
25833
25834
25836
25840
25842
25844
25845
25853
25856
25857
25860
25861
25863
25864
25865
25868
25869
25872
25874
25875
25879
25884
25887
25890
25892
25897
25898
25901
25903
25904
25905
25913
25914
25916
25917
25920
25921
25922
25923
25925
25926
25928
25929
25933
25937
25939
25940
25946
25947
25948
25952
25953
25955
25958
25959
25964
25971
25972
25974
25975
25976
25977
25979
25981
25984
25985
25986
25997
26000
26001
26002
26008
26010
26013
26021
26022
26023
26024
26028
26032
26037
26038
26041
26042
26043
26045
26046
26047
26053
26058
26059
26061
26063
26067
26070
26079
26080
26083
26084
26089
26091
26093
26096
26098
26100
26101
26102
26104
26105
26108
26115
26116
26121
26123
26126
26127
26128
26136
26138
26140
26142
26145
26148
26150
26151
26155
26156
26160
26162
26164
26166
26170
26175
26176
26181
26184
26185
26188
26191
26194
26195
26198
26200
26205
26211
26214
26217
26219
26221
26222
26224
26227
26231
26232
26233
26238
26242
26245
26246
26248
26249
26255
26259
26264
26267
26269
26272
26274
26275
26277
26278
26282
26283
26284
26290
26291
26297
26299
26303
26306
26307
26309
26313
26317
26320
26326
26329
26336
26337
26343
26344
26345
26346
26350
26357
26359
26360
26362
26364
26367
26368
26369
26370
26371
26372
26375
26376
26379
26383
26385
26387
26388
26390
26391
26395
26397
26401
26402
26403
26405
26406
26417
26421
26422
26423
26424
26425
26428
26430
26443
26445
26446
26449
26450
26454
26455
26458
26459
26462
26463
26468
26470
26471
26472
26477
26480
26486
26488
26489
26491
26492
26495
26500
26501
26503
26506
26507
26508
26509
26510
26512
26515
26517
26519
26527
26528
26533
26537
26541
26542
26545
26547
26554
26555
26558
26561
26569
26571
26572
26573
26577
26579
26580
26584
26585
26586
26589
26593
26594
26600
26614
26616
26617
26618
26621
26627
26630
26631
26632
26636
26640
26643
26644
26646
26649
26654
26660
26666
26669
26670
26671
26683
26685
26695
26696
26697
26699
26703
26705
26708
26709
26711
26716
26717
26718
26719
26723
26730
26731
26735
26736
26744
26756
26759
26761
26764
26766
26773
26774
26775
26778
26780
26781
26782
26783
26785
26787
26788
26789
26794
26798
26799
26802
26803
26808
26811
26812
26817
26821
26828
26831
26833
26836
26837
26838
26839
26840
26841
26845
26849
26850
26860
26867
26868
26872
26873
26874
26881
26882
26887
26888
26892
26894
26897
26900
26903
26904
26906
26908
26912
26916
26918
26919
26920
26921
26926
26927
26929
26931
26935
26936
26937
26948
26950
26951
26952
26956
26957
26960
26967
26968
26973
26974
26977
26980
26983
26987
26988
26990
26991
26993
26994
27001
27002
27003
27004
27005
27009
27023
27025
27026
27029
27032
27036
27037
27038
27040
27047
27050
27051
27055
27056
27058
27059
27060
27062
27067
27075
27079
27084
27086
27090
27091
27096
27098
27102
27109
27112
27113
27121
27124
27125
27126
27129
27131
27134
27136
27138
27145
27150
27151
27158
27159
27164
27165
27167
27168
27171
27175
27176
27183
27184
27191
27192
27200
27201
27203
27205
27207
27210
27211
27212
27220
27221
27222
27224
27232
27239
27241
27247
27249
27253
27254
27257
27263
27272
27276
27287
27291
27292
27295
27304
27305
27306
27307
27310
27312
27314
27315
27319
27320
27322
27324
27325
27329
27330
27333
27339
27341
27350
27351
27356
27357
27358
27359
27360
27363
27364
27366
27367
27376
27379
27381
27387
27388
27391
27392
27394
27395
27399
27400
27403
27406
27415
27417
27418
27419
27420
27422
27423
27425
27430
27432
27433
27434
27437
27438
27439
27441
27444
27445
27450
27451
27454
27461
27462
27466
27468
27474
27479
27482
27484
27486
27487
27488
27496
27499
27500
27501
27503
27504
27507
27508
27509
27512
27514
27518
27524
27525
27529
27533
27539
27541
27543
27545
27556
27560
27562
27563
27564
27566
27567
27569
27571
27573
27578
27582
27585
27586
27588
27589
27590
27591
27593
27594
27597
27600
27602
27603
27604
27605
27606
27609
27610
27616
27619
27622
27624
27626
27632
27633
27634
27642
27643
27648
27652
27653
27657
27664
27667
27670
27673
27675
27676
27680
27682
27686
27690
27691
27692
27693
27698
27701
27704
27706
27710
27711
27718
27720
27721
27723
27724
27726
27733
27734
27735
27737
27739
27741
27745
27746
27747
27748
27749
27750
27752
27754
27755
27756
27759
27761
27763
27764
27768
27771
27772
27775
27779
27781
27783
27786
27787
27789
27792
27794
27796
27800
27803
27804
27812
27818
27823
27824
27825
27827
27829
27832
27833
27834
27835
27840
27841
27842
27843
27844
27852
27855
27859
27860
27869
27873
27875
27876
27877
27879
27882
27885
27889
27891
27894
27895
27899
27900
27901
27903
27904
27905
27906
27911
27913
27920
27922
27924
27925
27928
27932
27939
27940
27941
27944
27945
27947
27948
27952
27960
27963
27965
27966
27970
27975
27981
27985
27987
27993
27996
27997
27998
28003
28004
28008
28009
28011
28013
28017
28025
28027
28031
28032
28036
28038
28039
28042
28044
28045
28049
28053
28057
28065
28068
28070
28071
28080
28083
28089
28091
28092
28094
28095
28109
28110
28112
28113
28114
28117
28118
28119
28124
28128
28130
28135
28139
28143
28145
28147
28150
28151
28154
28155
28156
28158
28160
28161
28164
28166
28168
28169
28170
28171
28172
28174
28176
28177
28184
28186
28189
28190
28191
28196
28197
28199
28203
28204
28206
28207
28208
28211
28215
28216
28218
28227
28228
28231
28233
28236
28237
28238
28239
28240
28244
28246
28249
28251
28252
28253
28255
28263
28268
28270
28273
28276
28281
28282
28285
28290
28292
28293
28296
28298
28301
28306
28312
28316
28321
28322
28327
28328
28339
28346
28347
28350
28351
28353
28357
28359
28360
28365
28369
28374
28376
28381
28383
28384
28388
28390
28391
28392
28397
28401
28403
28404
28405
28407
28409
28411
28423
28424
28428
28437
28438
28450
28452
28456
28459
28461
28471
28472
28473
28474
28478
28482
28483
28486
28487
28489
28492
28494
28502
28503
28507
28510
28511
28512
28513
28516
28517
28521
28529
28530
28531
28533
28535
28543
28545
28547
28548
28551
28552
28554
28557
28558
28560
28561
28562
28565
28567
28568
28569
28573
28574
28577
28578
28580
28584
28586
28589
28591
28592
28593
28595
28597
28598
28606
28607
28611
28616
28617
28621
28624
28634
28638
28639
28640
28641
28644
28648
28652
28660
28662
28664
28670
28675
28676
28679
28680
28685
28695
28696
28702
28704
28708
28710
28711
28713
28716
28730
28736
28740
28748
28752
28753
28764
28768
28776
28777
28779
28783
28785
28786
28787
28788
28790
28792
28796
28800
28806
28816
28819
28824
28825
28826
28827
28829
28832
28833
28836
28839
28841
28842
28849
28852
28856
28860
28861
28865
28866
28870
28871
28872
28876
28881
28887
28891
28895
28901
28902
28903
28907
28909
28913
28916
28918
28919
28920
28921
28925
28928
28934
28937
28938
28940
28946
28952
28955
28962
28964
28969
28971
28973
28974
28975
28976
28979
28983
28985
28988
28989
28993
28995
28999
29004
29008
29013
29015
29023
29024
29030
29031
29032
29041
29042
29044
29045
29047
29048
29054
29055
29057
29060
29061
29066
29068
29069
29072
29073
29074
29076
29080
29081
29089
29092
29094
29096
29102
29103
29107
29109
29113
29119
29120
29122
29123
29126
29127
29133
29138
29145
29146
29147
29149
29150
29152
29153
29157
29163
29167
29170
29175
29179
29180
29186
29188
29191
29192
29194
29196
29197
29201
29206
29210
29211
29212
29217
29218
29219
29221
29223
29227
29232
29233
29237
29238
29246
29247
29250
29254
29258
29260
29263
29265
29271
29273
29278
29279
29281
29282
29284
29286
29289
29296
29299
29301
29302
29307
29308
29312
29316
29317
29319
29322
29324
29325
29326
29327
29331
29333
29335
29338
29343
29346
29348
29349
29351
29359
29362
29367
29371
29372
29380
29381
29385
29386
29388
29389
29392
29394
29396
29398
29400
29401
29408
29409
29410
29411
29415
29416
29418
29422
29429
29432
29433
29438
29442
29443
29444
29448
29449
29451
29456
29458
29459
29473
29474
29475
29479
29480
29483
29486
29489
29493
29494
29501
29503
29505
29508
29509
29511
29518
29522
29527
29528
29531
29534
29535
29536
29537
29539
29540
29543
29547
29549
29552
29554
29556
29558
29559
29560
29561
29565
29572
29573
29574
29575
29577
29580
29586
29589
29590
29595
29600
29605
29606
29608
29612
29613
29615
29616
29623
29624
29627
29632
29639
29640
29641
29647
29650
29654
29656
29657
29667
29672
29675
29678
29680
29681
29683
29684
29690
29693
29697
29698
29705
29708
29721
29722
29724
29728
29729
29731
29734
29735
29742
29747
29750
29752
29753
29757
29758
29761
29762
29766
29767
29768
29769
29771
29772
29773
29777
29781
29782
29791
29792
29796
29801
29802
29803
29804
29810
29815
29817
29818
29819
29820
29823
29826
29829
29830
29832
29838
29839
29840
29851
29852
29856
29862
29865
29868
29872
29877
29878
29879
29880
29894
29896
29900
29905
29906
29908
29909
29910
29914
29915
29918
29924
29927
29928
29929
29931
29934
29936
29940
29943
29946
29947
29954
29955
29958
29960
29961
29963
29964
29969
29970
29972
29974
29977
29981
29984
29986
29990
29994
29997
29999
30000
30001
30002
30004
30005
30008
30009
30016
30019
30021
30024
30025
30027
30028
30029
30032
30033
30034
30036
30041
30044
30047
30048
30049
30054
30062
30063
30066
30067
30071
30072
30081
30082
30083
30086
30088
30090
30091
30092
30094
30096
30097
30101
30102
30105
30117
30123
30124
30126
30127
30131
30133
30138
30141
30142
30143
30148
30150
30151
30153
30158
30162
30168
30170
30171
30175
30178
30179
30184
30187
30191
30195
30196
30199
30203
30204
30214
30217
30220
30222
30227
30229
30230
30232
30233
30239
30240
30242
30243
30244
30248
30252
30255
30256
30257
30258
30261
30262
30268
30272
30276
30286
30288
30289
30290
30291
30293
30294
30296
30303
30306
30307
30308
30309
30311
30315
30318
30319
30321
30323
30324
30326
30328
30338
30339
30344
30345
30349
30350
30351
30352
30353
30360
30362
30364
30365
30366
30369
30378
30381
30382
30383
30384
30386
30387
30388
30390
30397
30398
30401
30409
30411
30413
30418
30421
30426
30427
30431
30440
30442
30444
30448
30450
30451
30452
30454
30455
30456
30459
30462
30463
30465
30470
30471
30473
30481
30485
30486
30487
30488
30490
30492
30493
30495
30498
30500
30501
30503
30506
30508
30509
30518
30519
30521
30524
30528
30530
30532
30533
30534
30535
30536
30542
30546
30547
30548
30549
30550
30551
30553
30554
30555
30560
30561
30562
30567
30568
30574
30575
30576
30580
30589
30591
30592
30593
30596
30597
30598
30599
30601
30607
30608
30610
30613
30615
30618
30619
30624
30626
30648
30650
30653
30654
30655
30656
30661
30668
30669
30670
30671
30674
30676
30677
30679
30681
30684
30688
30689
30695
30701
30703
30705
30709
30710
30712
30714
30715
30719
30720
30724
30730
30731
30732
30737
30738
30742
30747
30748
30750
30751
30753
30759
30760
30762
30763
30767
30769
30770
30771
30772
30773
30778
30780
30781
30789
30794
30800
30804
30805
30806
30810
30811
30817
30825
30829
30833
30834
30835
30837
30839
30842
30844
30848
30852
30854
30858
30862
30864
30865
30866
30872
30878
30883
30885
30891
30897
30899
30900
30913
30915
30917
30919
30921
30924
30933
30934
30936
30941
30943
30945
30946
30948
30950
30951
30955
30959
30961
30962
30964
30966
30972
30975
30981
30983
30984
30989
30990
30995
31003
31005
31007
31008
31011
31016
31017
31018
31019
31020
31021
31028
31044
31045
31047
31048
31051
31053
31057
31059
31060
31061
31065
31068
31069
31071
31073
31074
31075
31078
31082
31084
31085
31088
31092
31094
31095
31098
31103
31105
31106
31108
31114
31115
31116
31120
31127
31128
31131
31132
31136
31138
31140
31142
31157
31163
31165
31167
31168
31171
31175
31176
31182
31187
31189
31190
31192
31202
31207
31214
31219
31221
31230
31237
31238
31242
31245
31253
31256
31263
31267
31268
31270
31271
31272
31273
31275
31276
31279
31280
31282
31285
31286
31288
31295
31296
31299
31304
31306
31308
31313
31318
31319
31325
31326
31331
31334
31336
31337
31338
31339
31343
31344
31347
31350
31351
31352
31353
31359
31360
31362
31364
31365
31366
31367
31368
31373
31374
31376
31377
31378
31381
31384
31389
31390
31394
31395
31400
31401
31406
31407
31411
31412
31413
31418
31419
31421
31427
31428
31431
31432
31433
31436
31438
31440
31441
31442
31447
31448
31450
31453
31457
31467
31470
31472
31474
31477
31482
31483
31484
31486
31487
31490
31493
31502
31505
31510
31514
31515
31519
31524
31525
31529
31533
31535
31536
31538
31548
31554
31556
31558
31559
31562
31565
31569
31572
31576
31577
31579
31580
31583
31584
31588
31591
31605
31606
31607
31611
31620
31621
31623
31625
31627
31629
31634
31636
31643
31644
31647
31650
31653
31658
31659
31665
31666
31667
31672
31674
31683
31684
31685
31686
31689
31690
31691
31692
31697
31698
31700
31702
31703
31711
31715
31716
31722
31723
31724
31725
31728
31735
31741
31753
31756
31760
31762
31764
31768
31771
31772
31776
31777
31778
31779
31782
31784
31789
31792
31798
31804
31806
31807
31809
31811
31816
31819
31823
31828
31831
31832
31837
31838
31839
31841
31845
31847
31853
31854
31859
31861
31866
31867
31877
31881
31886
31887
31888
31890
31892
31893
31894
31895
31898
31900
31901
31902
31910
31911
31912
31913
31914
31915
31916
31918
31921
31922
31925
31928
31930
31931
31932
31936
31939
31940
31943
31947
31949
31952
31957
31959
31960
31964
31969
31973
31979
31981
31985
31988
31990
31991
31993
31999
32001
32004
32014
32016
32017
32018
32020
32023
32026
32029
32031
32036
32038
32040
32043
32047
32050
32053
32059
32063
32064
32066
32071
32075
32079
32080
32087
32088
32090
32102
32105
32111
32113
32114
32115
32116
32118
32120
32129
32138
32140
32148
32149
32156
32157
32159
32161
32162
32163
32164
32166
32169
32170
32171
32172
32182
32183
32186
32188
32191
32193
32194
32199
32201
32202
32203
32207
32209
32218
32221
32223
32224
32232
32233
32237
32242
32248
32253
32254
32257
32259
32264
32265
32266
32270
32273
32274
32276
32277
32283
32285
32286
32290
32296
32297
32301
32303
32306
32308
32311
32316
32319
32323
32334
32341
32349
32352
32355
32360
32363
32364
32366
32367
32370
32373
32374
32378
32381
32383
32384
32385
32387
32388
32391
32392
32397
32399
32401
32402
32403
32404
32406
32407
32408
32415
32419
32422
32437
32441
32443
32450
32451
32455
32457
32459
32460
32463
32466
32476
32477
32479
32480
32482
32485
32486
32489
32492
32497
32502
32503
32504
32507
32508
32510
32511
32513
32515
32516
32520
32521
32526
32528
32530
32532
32537
32539
32541
32544
32545
32548
32549
32552
32554
32556
32559
32560
32564
32565
32569
32570
32571
32577
32579
32580
32582
32589
32591
32593
32596
32600
32608
32610
32612
32614
32618
32620
32627
32628
32629
32632
32634
32635
32636
32637
32638
32642
32647
32648
32652
32659
32664
32666
32670
32678
32679
32680
32681
32682
32686
32687
32690
32694
32695
32701
32703
32704
32708
32710
32720
32725
32728
32731
32743
32745
32746
32747
32749
32750
32751
32756
32757
32761
32762
32765
32767
32770
32774
32775
32778
32779
32784
32789
32792
32793
32814
32815
32816
32818
32822
32829
32833
32836
32838
32839
32841
32842
32843
32846
32850
32852
32855
32856
32858
32864
32866
32868
32871
32873
32877
32879
32883
32886
32901
32904
32907
32911
32913
32915
32917
32918
32921
32923
32926
32927
32947
32959
32967
32968
32970
32971
32972
32973
32975
32981
32988
32990
32993
32994
32999
33002
33007
33009
33012
33015
33017
33023
33024
33031
33034
33036
33040
33041
33043
33044
33045
33049
33053
33059
33060
33062
33066
33068
33069
33078
33080
33082
33084
33085
33089
33090
33091
33093
33095
33100
33101
33102
33107
33108
33109
33110
33113
33115
33121
33123
33124
33125
33127
33133
33135
33138
33140
33144
33146
33148
33149
33154
33157
33160
33164
33166
33168
33169
33174
33178
33181
33186
33187
33188
33189
33194
33196
33197
33202
33203
33209
33221
33223
33226
33231
33236
33241
33243
33244
33247
33248
33250
33252
33254
33256
33257
33260
33261
33262
33264
33271
33272
33274
33275
33276
33277
33283
33287
33290
33291
33295
33296
33306
33311
33312
33317
33318
33322
33323
33326
33328
33329
33331
33336
33337
33341
33343
33348
33352
33353
33355
33360
33364
33365
33368
33369
33371
33383
33387
33389
33390
33391
33392
33394
33401
33403
33405
33409
33422
33423
33424
33426
33428
33430
33434
33435
33436
33440
33448
33449
33450
33451
33453
33459
33460
33463
33465
33466
33471
33475
33476
33477
33491
33492
33495
33497
33500
33502
33503
33505
33508
33509
33511
33516
33517
33518
33519
33522
33524
33526
33534
33538
33540
33541
33544
33546
33550
33560
33561
33562
33564
33573
33578
33581
33582
33583
33590
33591
33594
33595
33597
33606
33607
33608
33616
33617
33622
33623
33625
33629
33630
33640
33652
33653
33654
33659
33660
33661
33662
33664
33666
33667
33671
33675
33676
33677
33680
33682
33686
33687
33692
33696
33699
33701
33705
33707
33710
33712
33716
33720
33723
33725
33731
33736
33738
33741
33742
33746
33750
33761
33763
33768
33772
33774
33777
33778
33780
33781
33782
33789
33790
33793
33801
33804
33806
33811
33819
33824
33830
33832
33835
33838
33844
33847
33850
33853
33863
33867
33869
33878
33897
33900
33901
33904
33907
33909
33911
33916
33918
33919
33922
33924
33926
33928
33930
33934
33938
33940
33946
33951
33953
33955
33958
33960
33961
33962
33971
33974
33978
33980
33984
33990
34004
34007
34009
34010
34014
34015
34019
34020
34026
34028
34036
34038
34040
34041
34045
34048
34050
34052
34054
34064
34068
34069
34075
34081
34086
34088
34091
34092
34097
34099
34101
34103
34105
34111
34113
34114
34116
34118
34121
34123
34128
34129
34131
34133
34135
34137
34138
34140
34141
34144
34150
34152
34166
34170
34172
34176
34179
34180
34181
34184
34186
34187
34195
34204
34212
34213
34217
34218
34224
34225
34227
34230
34232
34233
34239
34240
34242
34244
34245
34246
34247
34252
34253
34255
34256
34257
34260
34264
34265
34267
34271
34276
34279
34280
34284
34286
34288
34290
34293
34297
34298
34299
34301
34302
34304
34309
34310
34315
34317
34319
34322
34323
34325
34328
34329
34330
34335
34340
34341
34344
34347
34351
34353
34354
34357
34358
34361
34363
34369
34372
34376
34378
34381
34383
34385
34387
34389
34393
34394
34396
34400
34401
34407
34410
34412
34416
34419
34420
34428
34430
34435
34443
34445
34451
34453
34457
34459
34462
34463
34465
34470
34478
34481
34482
34488
34490
34494
34497
34499
34500
34501
34502
34505
34506
34509
34512
34516
34517
34523
34529
34530
34532
34535
34540
34541
34544
34546
34551
34557
34559
34560
34561
34563
34564
34569
34572
34575
34576
34579
34580
34584
34589
34590
34591
34592
34596
34599
34600
34604
34605
34606
34609
34610
34611
34614
34616
34617
34620
34623
34630
34635
34637
34639
34640
34643
34646
34647
34649
34657
34659
34660
34661
34664
34667
34669
34671
34673
34674
34675
34678
34679
34681
34685
34687
34688
34691
34694
34697
34699
34701
34702
34705
34707
34710
34714
34715
34725
34728
34731
34732
34735
34740
34743
34746
34750
34753
34755
34758
34763
34764
34775
34778
34781
34783
34784
34786
34788
34789
34790
34791
34792
34797
34799
34802
34804
34805
34810
34814
34816
34818
34821
34822
34823
34825
34831
34836
34837
34842
34844
34848
34849
34850
34853
34854
34860
34861
34864
34866
34871
34874
34875
34877
34878
34880
34881
34882
34889
34890
34894
34898
34899
34900
34908
34910
34916
34919
34923
34924
34925
34926
34927
34928
34929
34934
34939
34941
34944
34951
34952
34954
34956
34957
34959
34963
34966
34970
34972
34975
34976
34979
34980
34985
34987
34992
34995
34998
34999
35001
35005
35006
35008
35012
35013
35014
35019
35022
35024
35025
35026
35033
35034
35035
35040
35041
35047
35048
35054
35055
35056
35059
35065
35072
35074
35075
35078
35079
35080
35082
35083
35088
35089
35095
35098
35100
35102
35103
35109
35112
35118
35121
35128
35132
35137
35138
35140
35143
35148
35152
35155
35156
35158
35160
35161
35166
35167
35170
35171
35173
35181
35184
35190
35196
35197
35198
35200
35202
35207
35211
35215
35216
35217
35218
35219
35224
35226
35230
35232
35242
35244
35245
35251
35254
35256
35258
35259
35261
35265
35266
35269
35277
35280
35281
35288
35290
35291
35294
35296
35297
35298
35299
35302
35304
35308
35309
35310
35312
35316
35322
35324
35326
35334
35340
35342
35349
35354
35355
35364
35366
35367
35373
35380
35386
35393
35400
35406
35410
35417
35421
35422
35426
35432
35435
35436
35439
35444
35445
35448
35449
35450
35451
35457
35458
35471
35472
35473
35476
35477
35481
35485
35486
35488
35490
35493
35500
35506
35517
35519
35521
35523
35528
35532
35535
35537
35543
35552
35553
35554
35556
35560
35567
35568
35571
35575
35577
35578
35579
35582
35586
35587
35588
35590
35591
35594
35596
35607
35608
35609
35611
35612
35613
35614
35622
35623
35625
35627
35628
35629
35630
35631
35635
35640
35643
35648
35658
35659
35667
35671
35678
35680
35686
35694
35698
35700
35701
35702
35703
35704
35714
35715
35716
35719
35736
35743
35745
35747
35748
35752
35755
35759
35760
35762
35764
35765
35766
35767
35769
35770
35773
35774
35780
35788
35790
35792
35794
35795
35797
35798
35799
35801
35805
35807
35810
35812
35816
35817
35821
35830
35832
35838
35840
35842
35844
35849
35852
35853
35860
35863
35864
35866
35869
35870
35872
35884
35888
35889
35894
35895
35899
35900
35901
35903
35904
35912
35913
35914
35923
35935
35938
35948
35952
35953
35956
35958
35959
35960
35961
35971
35975
35976
35982
35990
35992
36001
36004
36007
36008
36009
36012
36013
36015
36016
36021
36023
36024
36028
36033
36034
36037
36043
36044
36053
36055
36056
36058
36060
36072
36074
36077
36082
36088
36090
36102
36105
36115
36116
36118
36125
36126
36128
36129
36130
36132
36135
36137
36139
36140
36142
36144
36145
36147
36150
36151
36152
36158
36159
36161
36164
36165
36166
36168
36171
36173
36175
36176
36178
36179
36184
36186
36187
36192
36193
36199
36202
36203
36208
36210
36222
36225
36226
36227
36228
36229
36231
36232
36234
36237
36242
36255
36256
36261
36263
36265
36268
36269
36270
36271
36278
36279
36283
36285
36286
36290
36293
36294
36298
36301
36304
36305
36306
36308
36311
36320
36323
36324
36327
36329
36332
36334
36339
36341
36342
36348
36350
36358
36359
36360
36362
36363
36367
36368
36369
36370
36376
36382
36384
36387
36389
36390
36395
36396
36397
36398
36403
36404
36405
36407
36408
36409
36410
36412
36413
36418
36420
36422
36423
36426
36431
36434
36436
36441
36443
36444
36446
36450
36453
36457
36458
36461
36462
36467
36468
36470
36471
36473
36479
36481
36482
36484
36486
36490
36494
36499
36500
36501
36502
36503
36505
36509
36510
36515
36517
36522
36523
36525
36526
36527
36528
36529
36530
36532
36540
36541
36542
36543
36545
36546
36547
36551
36559
36560
36563
36564
36567
36570
36572
36574
36583
36584
36585
36586
36587
36588
36590
36593
36594
36597
36598
36599
36604
36606
36607
36608
36610
36613
36614
36615
36619
36622
36625
36629
36631
36632
36640
36644
36650
36651
36653
36656
36663
36667
36671
36675
36681
36684
36688
36692
36698
36699
36700
36704
36708
36709
36710
36717
36720
36725
36726
36727
36731
36734
36737
36739
36742
36744
36745
36746
36747
36750
36751
36755
36760
36761
36764
36765
36766
36769
36770
36771
36773
36774
36775
36778
36780
36781
36796
36798
36800
36801
36802
36803
36804
36806
36812
36815
36819
36820
36823
36824
36827
36828
36829
36833
36836
36840
36844
36845
36849
36851
36856
36857
36859
36865
36866
36867
36877
36880
36882
36883
36884
36886
36889
36890
36892
36897
36904
36906
36909
36911
36912
36915
36917
36920
36925
36933
36934
36935
36936
36941
36943
36948
36949
36950
36959
36961
36964
36971
36974
36979
36980
36983
36986
36987
36991
36992
36993
36995
36997
36998
36999
37000
