0
3
10
12
16
22
30
32
33
36
40
46
47
48
49
51
53
55
57
58
64
69
70
73
75
77
79
80
88
89
100
102
103
104
106
107
108
113
115
122
133
134
135
136
137
139
147
149
153
156
161
167
169
174
177
180
182
184
185
187
188
189
190
192
193
195
201
207
209
215
217
225
226
228
230
234
237
238
241
243
246
249
253
255
257
258
259
260
262
263
265
267
268
271
273
277
282
285
287
288
290
291
292
298
300
301
302
303
317
318
324
333
337
338
340
347
351
352
354
355
359
362
364
366
368
370
373
374
377
378
380
381
383
385
388
390
397
400
401
402
404
406
409
411
412
418
419
425
426
431
436
437
440
441
443
444
445
446
447
448
451
452
454
455
458
467
475
480
484
493
496
498
501
502
506
510
511
512
515
517
520
522
523
524
525
534
535
539
541
542
544
545
547
549
552
555
559
562
564
565
573
575
580
583
586
587
591
595
597
600
601
605
607
609
613
616
618
619
620
621
629
635
638
639
641
643
645
646
656
658
659
660
663
665
668
671
675
678
680
685
687
688
693
695
697
698
699
701
702
704
714
715
717
719
720
721
723
725
726
727
730
731
736
737
748
753
754
756
759
763
768
773
775
778
785
787
792
795
797
798
800
801
802
803
804
805
806
808
818
821
823
826
831
832
835
836
841
844
845
850
858
859
863
864
866
876
877
878
880
882
883
884
885
886
890
892
899
901
902
904
905
908
912
916
917
920
923
926
935
936
937
942
943
952
953
954
955
958
965
966
967
968
970
971
973
975
977
978
980
982
990
991
992
996
997
999
1000
1003
1005
1008
1010
1014
1015
1017
1019
1023
1025
1026
1027
1033
1035
1037
1043
1045
1046
1048
1050
1054
1055
1057
1058
1060
1065
1067
1071
1078
1082
1085
1087
1088
1089
1090
1093
1094
1096
1099
1102
1105
1107
1108
1116
1118
1120
1127
1128
1129
1130
1131
1135
1138
1144
1146
1148
1149
1157
1160
1162
1165
1167
1171
1173
1175
1177
1178
1179
1180
1183
1184
1188
1190
1191
1193
1195
1197
1198
1204
1206
1208
1209
1211
1213
1216
1219
1220
1225
1226
1229
1233
1234
1238
1239
1240
1246
1247
1251
1252
1258
1261
1262
1263
1264
1271
1278
1279
1282
1284
1285
1292
1294
1299
1302
1304
1308
1309
1319
1324
1328
1329
1331
1335
1338
1339
1340
1343
1344
1346
1347
1349
1350
1353
1358
1360
1361
1371
1378
1382
1383
1385
1391
1398
1399
1402
1405
1408
1410
1417
1418
1421
1422
1424
1428
1429
1432
1434
1436
1437
1438
1447
1453
1455
1458
1459
1460
1462
1463
1464
1465
1467
1469
1470
1475
1479
1481
1483
1484
1487
1490
1496
1499
1500
1503
1504
1508
1513
1514
1516
1520
1522
1523
1528
1529
1532
1534
1542
1543
1544
1546
1547
1548
1551
1552
1555
1557
1559
1560
1561
1569
1574
1576
1578
1579
1582
1585
1589
1592
1596
1598
1601
1609
1612
1613
1614
1617
1623
1629
1630
1631
1632
1635
1636
1637
1639
1641
1644
1648
1649
1652
1653
1656
1662
1667
1668
1669
1673
1674
1675
1678
1681
1682
1683
1686
1699
1702
1704
1706
1708
1711
1713
1715
1718
1720
1721
1729
1730
1731
1734
1736
1737
1741
1746
1748
1750
1751
1752
1755
1756
1757
1758
1759
1760
1761
1763
1765
1768
1773
1774
1776
1780
1782
1790
1791
1792
1796
1800
1804
1810
1812
1814
1817
1820
1822
1824
1825
1828
1831
1832
1834
1839
1840
1841
1843
1848
1849
1850
1853
1855
1859
1860
1861
1863
1864
1865
1867
1872
1873
1876
1877
1878
1880
1881
1884
1885
1886
1887
1893
1895
1904
1905
1908
1909
1912
1913
1918
1921
1922
1925
1932
1934
1935
1936
1937
1946
1947
1948
1949
1953
1954
1955
1965
1969
1973
1974
1978
1980
1982
1983
1984
1987
1988
1989
1999
2007
2013
2017
2019
2021
2022
2023
2024
2030
2032
2033
2034
2035
2036
2037
2038
2040
2041
2042
2043
2049
2052
2056
2065
2069
2072
2074
2076
2081
2082
2085
2090
2094
2098
2099
2103
2104
2107
2108
2109
2110
2112
2116
2121
2122
2129
2131
2133
2134
2136
2140
2141
2145
2150
2152
2153
2156
2157
2162
2166
2167
2168
2173
2178
2180
2184
2190
2192
2200
2201
2202
2205
2211
2212
2218
2221
2222
2224
2225
2226
2231
2232
2235
2236
2243
2245
2247
2250
2252
2256
2257
2259
2260
2266
2268
2269
2277
2278
2279
2285
2287
2288
2289
2290
2291
2294
2297
2299
2300
2304
2305
2308
2313
2314
2316
2326
2328
2329
2330
2336
2337
2339
2340
2347
2348
2353
2358
2360
2363
2365
2368
2372
2374
2376
2377
2378
2388
2390
2391
2392
2400
2401
2402
2405
2406
2408
2410
2413
2414
2416
2425
2426
2428
2431
2433
2434
2435
2439
2441
2444
2445
2447
2448
2451
2453
2456
2458
2466
2467
2471
2472
2473
2477
2480
2485
2489
2490
2491
2492
2493
2496
2498
2499
2504
2507
2511
2512
2513
2517
2521
2523
2531
2533
2534
2536
2541
2543
2544
2546
2547
2548
2551
2552
2555
2556
2565
2566
2569
2571
2576
2577
2579
2582
2583
2585
2586
2587
2589
2598
2603
2609
2614
2616
2618
2620
2621
2624
2626
2629
2631
2636
2638
2642
2646
2650
2651
2655
2657
2659
2662
2664
2666
2667
2675
2677
2680
2683
2684
2685
2686
2687
2690
2692
2696
2703
2704
2708
2712
2714
2718
2721
2723
2725
2726
2731
2732
2733
2736
2741
2745
2746
2749
2751
2755
2756
2759
2760
2762
2768
2770
2771
2772
2773
2774
2784
2787
2790
2793
2798
2799
2800
2805
2807
2810
2817
2820
2822
2824
2825
2827
2830
2833
2840
2841
2845
2850
2856
2857
2861
2863
2865
2869
2875
2878
2879
2881
2883
2885
2887
2890
2891
2893
2894
2899
2900
2902
2905
2908
2909
2911
2912
2916
2918
2921
2925
2929
2937
2946
2947
2949
2964
2966
2967
2968
2976
2978
2983
2986
2991
2993
2994
2996
2997
2998
3002
3005
3006
3008
3012
3015
3018
3026
3030
3032
3040
3042
3043
3047
3053
3057
3063
3067
3073
3076
3077
3079
3080
3086
3090
3092
3093
3096
3097
3098
3099
3100
3102
3109
3111
3113
3114
3115
3116
3119
3130
3132
3133
3138
3143
3145
3146
3147
3149
3151
3153
3154
3156
3158
3159
3160
3162
3164
3165
3169
3171
3172
3178
3179
3184
3188
3189
3195
3198
3202
3206
3209
3214
3226
3229
3239
3241
3242
3244
3246
3250
3251
3253
3258
3259
3262
3264
3274
3276
3280
3283
3284
3286
3290
3291
3292
3293
3294
3298
3301
3309
3313
3315
3316
3317
3318
3320
3323
3324
3326
3328
3339
3340
3346
3347
3356
3362
3366
3371
3373
3376
3377
3379
3382
3384
3385
3394
3400
3402
3403
3405
3409
3410
3411
3413
3414
3415
3419
3421
3422
3424
3432
3437
3439
3442
3443
3444
3449
3450
3451
3454
3466
3468
3475
3478
3483
3484
3486
3487
3489
3490
3492
3497
3499
3501
3502
3504
3505
3507
3513
3517
3521
3522
3523
3525
3527
3528
3534
3537
3541
3547
3554
3558
3559
3563
3565
3568
3569
3570
3571
3572
3573
3578
3579
3581
3583
3584
3588
3591
3592
3594
3595
3596
3598
3599
3604
3606
3610
3612
3617
3620
3621
3622
3627
3628
3630
3632
3634
3643
3644
3645
3651
3652
3655
3656
3658
3659
3663
3665
3674
3676
3680
3683
3684
3685
3688
3691
3698
3699
3700
3702
3706
3707
3714
3717
3719
3720
3728
3729
3730
3734
3736
3741
3750
3751
3758
3759
3761
3762
3765
3772
3773
3777
3778
3781
3787
3788
3792
3793
3796
3797
3798
3800
3802
3805
3810
3812
3815
3817
3822
3823
3824
3825
3827
3829
3835
3836
3837
3838
3839
3842
3848
3850
3851
3853
3856
3859
3863
3868
3871
3872
3873
3874
3876
3877
3881
3886
3887
3889
3891
3893
3898
3900
3901
3905
3906
3908
3911
3912
3917
3922
3924
3926
3928
3929
3930
3932
3934
3936
3937
3938
3939
3942
3943
3944
3947
3949
3950
3954
3961
3964
3965
3968
3969
3971
3972
3973
3974
3977
3985
3986
3987
3988
3991
4001
4003
4006
4011
4017
4024
4026
4028
4030
4031
4034
4035
4036
4037
4039
4044
4047
4052
4059
4061
4068
4069
4070
4073
4077
4078
4079
4080
4088
4089
4094
4095
4096
4100
4101
4104
4106
4109
4113
4121
4122
4123
4125
4126
4130
4131
4132
4134
4139
4142
4145
4149
4152
4154
4156
4159
4161
4162
4163
4167
4173
4176
4178
4181
4187
4188
4189
4194
4195
4196
4197
4198
4199
4200
4207
4208
4210
4212
4216
4218
4220
4221
4224
4225
4226
4230
4241
4246
4247
4248
4253
4254
4255
4258
4260
4261
4262
4264
4265
4270
4273
4274
4276
4277
4278
4279
4281
4287
4291
4294
4295
4297
4299
4300
4303
4310
4311
4312
4313
4314
4317
4320
4321
4323
4329
4330
4339
4344
4350
4351
4354
4355
4359
4361
4362
4367
4370
4371
4372
4373
4376
4379
4381
4384
4385
4388
4390
4391
4392
4393
4398
4399
4400
4402
4410
4414
4421
4429
4430
4435
4436
4441
4445
4449
4453
4458
4459
4461
4462
4470
4471
4472
4477
4479
4482
4483
4487
4491
4493
4494
4495
4501
4503
4504
4506
4508
4513
4519
4521
4530
4531
4532
4533
4534
4541
4545
4546
4551
4552
4554
4555
4556
4557
4561
4571
4573
4574
4575
4580
4586
4589
4593
4596
4599
4603
4608
4610
4615
4616
4618
4619
4620
4623
4625
4629
4630
4636
4637
4644
4647
4649
4650
4652
4653
4654
4663
4664
4668
4670
4671
4672
4675
4677
4678
4680
4686
4689
4693
4694
4698
4701
4702
4703
4706
4714
4715
4717
4718
4720
4722
4728
4732
4735
4736
4737
4739
4740
4745
4747
4748
4753
4754
4755
4757
4759
4760
4761
4764
4765
4766
4769
4772
4773
4775
4777
4778
4779
4780
4784
4786
4787
4790
4791
4797
4799
4800
4801
4805
4806
4808
4809
4810
4811
4812
4813
4817
4822
4824
4825
4826
4827
4829
4831
4832
4833
4838
4842
4849
4851
4858
4860
4861
4862
4864
4866
4880
4882
4885
4887
4888
4889
4892
4894
4895
4896
4897
4901
4903
4909
4911
4913
4915
4919
4920
4923
4932
4933
4934
4935
4936
4938
4939
4946
4950
4952
4953
4959
4963
4966
4970
4973
4975
4977
4983
4988
4990
4991
4992
4993
4996
5000
5002
5003
5009
5011
5013
5014
5016
5017
5018
5021
5023
5025
5026
5032
5038
5040
5041
5048
5051
5055
5063
5070
5074
5087
5088
5091
5092
5093
5097
5098
5101
5103
5106
5108
5109
5114
5118
5128
5129
5130
5132
5136
5137
5141
5142
5143
5145
5146
5147
5150
5151
5153
5156
5157
5160
5168
5169
5172
5175
5178
5179
5181
5182
5185
5188
5192
5197
5199
5201
5203
5206
5208
5211
5214
5216
5217
5219
5224
5226
5227
5229
5231
5232
5234
5235
5239
5240
5242
5243
5244
5246
5251
5252
5254
5257
5260
5261
5262
5263
5264
5270
5271
5276
5278
5280
5282
5287
5289
5298
5299
5302
5303
5305
5306
5311
5313
5323
5325
5327
5330
5331
5334
5335
5336
5337
5338
5340
5343
5346
5347
5357
5362
5365
5368
5369
5380
5382
5384
5385
5391
5394
5396
5397
5401
5402
5408
5409
5410
5416
5418
5427
5428
5435
5438
5441
5444
5448
5449
5450
5455
5456
5457
5459
5461
5468
5475
5480
5483
5486
5494
5497
5499
5501
5503
5504
5505
5509
5519
5524
5526
5533
5534
5535
5542
5543
5544
5545
5547
5549
5550
5551
5553
5556
5558
5565
5568
5569
5572
5573
5574
5578
5583
5585
5588
5595
5598
5602
5607
5618
5619
5624
5625
5628
5634
5637
5640
5641
5645
5646
5649
5650
5655
5656
5660
5663
5664
5667
5670
5671
5672
5673
5674
5684
5687
5688
5692
5693
5697
5698
5710
5712
5713
5723
5725
5727
5730
5733
5734
5736
5738
5739
5743
5745
5753
5755
5759
5760
5764
5766
5769
5774
5781
5784
5787
5796
5798
5800
5803
5804
5806
5813
5814
5815
5816
5820
5824
5825
5827
5828
5831
5834
5836
5840
5847
5848
5850
5854
5855
5858
5859
5861
5868
5872
5874
5878
5882
5885
5887
5889
5892
5894
5895
5896
5899
5900
5901
5902
5905
5906
5909
5910
5911
5914
5915
5917
5919
5920
5923
5927
5929
5932
5943
5944
5951
5952
5956
5960
5963
5964
5965
5966
5968
5970
5974
5976
5977
5979
5982
5984
5985
5986
5988
5994
5995
5996
6000
6001
6002
6006
6013
6015
6017
6018
6021
6027
6028
6030
6031
6032
6036
6037
6039
6040
6045
6047
6049
6053
6059
6070
6073
6076
6079
6083
6084
6085
6087
6091
6092
6093
6094
6097
6098
6104
6105
6106
6107
6108
6114
6116
6117
6118
6124
6127
6128
6130
6131
6133
6134
6137
6138
6142
6143
6144
6148
6149
6150
6151
6154
6156
6157
6163
6164
6165
6167
6168
6169
6172
6173
6175
6176
6179
6180
6186
6191
6192
6197
6201
6204
6206
6208
6212
6214
6219
6220
6221
6222
6225
6226
6227
6228
6230
6234
6237
6238
6241
6242
6245
6248
6250
6253
6257
6260
6261
6263
6264
6265
6266
6268
6269
6270
6273
6277
6278
6282
6283
6288
6289
6292
6295
6301
6308
6310
6311
6312
6313
6314
6316
6317
6321
6323
6324
6326
6327
6329
6331
6337
6338
6340
6342
6344
6346
6358
6362
6364
6371
6374
6387
6389
6397
6398
6400
6407
6408
6409
6411
6415
6416
6417
6423
6426
6427
6432
6433
6434
6435
6438
6439
6442
6452
6454
6455
6456
6462
6463
6464
6466
6467
6469
6472
6475
6479
6481
6482
6486
6487
6488
6500
6501
6504
6511
6515
6517
6524
6525
6527
6529
6530
6531
6534
6535
6536
6538
6540
6542
6544
6550
6554
6556
6557
6562
6572
6574
6575
6580
6587
6589
6592
6593
6606
6612
6613
6614
6619
6620
6622
6627
6630
6633
6634
6636
6640
6642
6643
6645
6646
6648
6650
6651
6655
6656
6658
6661
6664
6667
6669
6671
6672
6679
6680
6682
6686
6688
6695
6696
6700
6701
6704
6711
6713
6716
6726
6729
6730
6731
6739
6743
6747
6748
6749
6751
6753
6756
6759
6760
6761
6763
6767
6768
6769
6770
6774
6777
6780
6781
6783
6784
6785
6787
6795
6797
6800
6801
6802
6806
6807
6814
6815
6819
6821
6822
6823
6824
6826
6831
6835
6838
6840
6841
6842
6844
6847
6850
6851
6853
6856
6857
6859
6860
6862
6866
6867
6872
6882
6886
6888
6890
6897
6899
6901
6903
6904
6905
6912
6915
6918
6920
6921
6925
6927
6929
6931
6932
6936
6941
6944
6945
6948
6949
6950
6953
6957
6966
6970
6974
6979
6983
6988
6995
6996
6997
6998
7005
7006
7008
7013
7017
7019
7022
7025
7030
7031
7036
7037
7038
7040
7041
7042
7044
7046
7047
7065
7069
7074
7078
7079
7080
7081
7084
7085
7088
7091
7092
7094
7095
7096
7099
7104
7109
7113
7114
7116
7118
7119
7122
7125
7129
7132
7133
7134
7135
7136
7138
7141
7142
7147
7148
7152
7153
7154
7155
7160
7165
7168
7169
7174
7175
7177
7180
7182
7183
7189
7197
7205
7207
7208
7209
7212
7215
7217
7218
7223
7225
7227
7229
7230
7231
7233
7234
7238
7242
7245
7248
7250
7252
7253
7256
7257
7259
7262
7263
7265
7266
7276
7281
7283
7286
7292
7295
7296
7300
7303
7305
7309
7310
7312
7316
7319
7324
7328
7329
7332
7335
7341
7342
7343
7345
7351
7354
7355
7357
7361
7362
7365
7366
7367
7369
7376
7379
7381
7384
7385
7390
7391
7392
7393
7394
7398
7399
7405
7407
7411
7412
7414
7419
7425
7427
7437
7440
7445
7446
7449
7451
7453
7455
7456
7458
7461
7463
7466
7468
7473
7475
7477
7478
7479
7480
7486
7487
7490
7492
7493
7507
7510
7513
7521
7522
7525
7528
7530
7540
7541
7543
7548
7551
7552
7564
7567
7571
7572
7573
7577
7578
7581
7582
7586
7587
7591
7592
7597
7600
7601
7613
7615
7616
7619
7620
7621
7622
7627
7630
7632
7633
7635
7637
7640
7643
7644
7645
7646
7649
7651
7652
7653
7656
7659
7662
7664
7667
7668
7673
7675
7677
7678
7686
7695
7696
7699
7701
7702
7705
7707
7710
7711
7714
7716
7723
7726
7728
7730
7731
7734
7735
7743
7746
7747
7749
7753
7755
7758
7760
7761
7768
7769
7771
7774
7777
7780
7784
7786
7790
7793
7794
7795
7796
7798
7801
7803
7805
7808
7812
7813
7814
7816
7820
7823
7825
7827
7831
7832
7838
7839
7840
7841
7845
7847
7848
7850
7856
7858
7860
7863
7867
7869
7870
7874
7875
7881
7883
7888
7893
7895
7898
7900
7901
7903
7905
7908
7910
7911
7912
7918
7921
7924
7926
7928
7930
7932
7933
7934
7936
7937
7940
7946
7949
7950
7955
7957
7959
7967
7968
7969
7973
7975
7976
7977
7979
7980
7984
7989
7991
7995
7999
8002
8003
8011
8012
8013
8014
8018
8019
8022
8025
8031
8034
8037
8040
8041
8042
8044
8046
8048
8051
8055
8058
8062
8063
8066
8071
8072
8073
8074
8075
8076
8077
8079
8080
8084
8086
8089
8090
8097
8101
8102
8103
8104
8106
8107
8111
8117
8118
8119
8121
8131
8138
8140
8141
8142
8143
8146
8148
8154
8157
8158
8159
8162
8163
8165
8169
8170
8172
8173
8175
8181
8183
8191
8192
8193
8196
8197
8201
8202
8203
8204
8216
8221
8222
8228
8235
8240
8243
8244
8247
8248
8252
8253
8256
8260
8261
8265
8267
8269
8272
8275
8277
8278
8279
8280
8286
8289
8290
8292
8293
8295
8297
8298
8304
8306
8308
8309
8313
8315
8317
8318
8319
8322
8323
8328
8330
8337
8344
8345
8350
8352
8356
8358
8360
8362
8366
8372
8374
8376
8377
8381
8391
8392
8393
8395
8396
8398
8400
8403
8406
8407
8408
8413
8414
8415
8417
8418
8422
8428
8429
8431
8434
8435
8439
8441
8442
8444
8445
8447
8448
8454
8455
8459
8466
8469
8471
8474
8476
8478
8482
8484
8485
8487
8488
8489
8490
8491
8499
8500
8501
8503
8504
8505
8506
8516
8519
8521
8527
8529
8537
8538
8539
8542
8543
8544
8547
8548
8551
8553
8556
8560
8561
8569
8570
8574
8579
8581
8585
8590
8592
8593
8600
8601
8602
8606
8608
8615
8619
8621
8624
8636
8640
8643
8644
8647
8649
8651
8652
8654
8655
8657
8662
8663
8668
8669
8670
8673
8675
8677
8678
8680
8681
8690
8691
8697
8700
8707
8708
8713
8714
8722
8723
8725
8728
8729
8733
8737
8739
8744
8746
8747
8752
8754
8756
8759
8761
8762
8766
8767
8768
8769
8774
8775
8776
8777
8778
8781
8782
8783
8785
8788
8792
8793
8798
8801
8806
8810
8813
8814
8818
8819
8821
8827
8828
8837
8839
8845
8846
8847
8855
8861
8865
8869
8871
8875
8878
8879
8881
8883
8885
8888
8890
8891
8899
8900
8902
8904
8907
8913
8915
8919
8920
8922
8928
8929
8932
8940
8943
8945
8946
8950
8953
8954
8957
8958
8959
8961
8962
8965
8966
8970
8973
8975
8976
8981
8984
8985
8989
8990
8994
8997
8998
8999
9001
9003
9005
9008
9012
9014
9016
9017
9020
9024
9028
9033
9034
9038
9040
9043
9046
9048
9051
9052
9064
9072
9073
9074
9076
9078
9080
9084
9085
9086
9089
9094
9098
9103
9108
9109
9110
9115
9116
9117
9119
9120
9121
9125
9127
9128
9130
9135
9140
9142
9144
9149
9156
9158
9159
9161
9162
9163
9164
9165
9170
9179
9185
9191
9192
9193
9198
9202
9203
9207
9209
9212
9213
9221
9226
9227
9228
9234
9235
9243
9244
9245
9246
9247
9249
9252
9254
9257
9259
9262
9263
9265
9266
9270
9271
9274
9275
9281
9284
9285
9292
9293
9298
9299
9302
9304
9307
9311
9318
9319
9323
9328
9329
9330
9331
9333
9334
9338
9340
9341
9342
9349
9352
9358
9360
9362
9366
9369
9372
9373
9374
9376
9380
9382
9383
9384
9389
9390
9392
9393
9399
9400
9405
9414
9415
9416
9417
9423
9424
9425
9426
9431
9433
9434
9435
9436
9441
9442
9443
9446
9450
9451
9452
9455
9456
9458
9459
9460
9461
9463
9465
9468
9471
9473
9475
9476
9479
9480
9482
9487
9488
9490
9491
9493
9495
9496
9500
9502
9506
9511
9512
9515
9518
9519
9521
9522
9525
9532
9533
9535
9536
9541
9542
9543
9554
9556
9567
9569
9572
9573
9581
9582
9583
9585
9587
9588
9593
9601
9603
9604
9606
9607
9608
9609
9610
9615
9617
9619
9622
9623
9625
9627
9628
9633
9637
9638
9641
9642
9644
9649
9651
9653
9657
9658
9660
9661
9663
9664
9665
9669
9670
9672
9673
9676
9678
9683
9685
9686
9687
9692
9693
9695
9697
9698
9699
9706
9711
9719
9720
9721
9723
9728
9733
9735
9736
9738
9749
9753
9757
9758
9760
9762
9763
9764
9765
9768
9769
9773
9777
9783
9784
9787
9788
9795
9796
9797
9799
9800
9803
9804
9805
9807
9808
9810
9811
9815
9819
9822
9823
9826
9828
9829
9830
9833
9836
9838
9839
9842
9844
9850
9851
9852
9854
9855
9859
9860
9865
9869
9871
9874
9875
9879
9880
9884
9886
9897
9907
9908
9910
9913
9914
9919
9921
9922
9923
9926
9934
9935
9943
9944
9946
9947
9949
9953
9955
9956
9958
9960
9962
9964
9965
9966
9967
9969
9970
9972
9974
9975
9984
9986
9989
10006
10007
10008
10009
10012
10013
10016
10021
10024
10025
10028
10033
10040
10041
10046
10047
10052
10053
10060
10062
10065
10069
10071
10072
10075
10078
10082
10083
10085
10086
10087
10088
10089
10091
10092
10099
10102
10103
10104
10106
10108
10113
10114
10115
10116
10119
10121
10122
10123
10125
10126
10133
10134
10135
10143
10146
10147
10154
10162
10166
10174
10178
10179
10180
10183
10188
10189
10191
10193
10194
10201
10202
10206
10207
10208
10211
10212
10225
10227
10228
10234
10235
10237
10239
10245
10246
10253
10254
10261
10265
10266
10267
10268
10270
10275
10276
10280
10286
10287
10288
10290
10295
10297
10301
10305
10306
10307
10308
10309
10310
10311
10313
10317
10320
10321
10324
10326
10332
10334
10336
10340
10343
10344
10346
10347
10364
10366
10368
10369
10374
10375
10378
10379
10385
10386
10394
10396
10398
10401
10403
10404
10406
10407
10409
10413
10414
10416
10417
10428
10434
10435
10437
10438
10439
10440
10442
10444
10445
10446
10453
10456
10458
10459
10467
10469
10470
10476
10477
10483
10488
10497
10507
10508
10511
10512
10519
10522
10523
10527
10532
10533
10540
10544
10545
10547
10548
10555
10565
10570
10573
10584
10587
10590
10591
10595
10603
10605
10607
10609
10611
10614
10615
10620
10621
10630
10635
10636
10638
10641
10643
10645
10646
10648
10652
10653
10663
10666
10674
10675
10680
10681
10683
10684
10686
10688
10689
10693
10695
10696
10699
10701
10704
10709
10710
10711
10715
10723
10724
10727
10728
10730
10734
10738
10740
10741
10742
10743
10745
10747
10751
10752
10754
10758
10764
10766
10773
10779
10780
10783
10785
10786
10787
10790
10792
10793
10796
10798
10800
10801
10803
10810
10814
10815
10816
10817
10818
10819
10821
10822
10823
10824
10825
10827
10831
10837
10838
10840
10842
10843
10847
10848
10855
10865
10868
10872
10874
10875
10878
10879
10881
10884
10890
10891
10896
10901
10904
10906
10907
10912
10915
10917
10918
10919
10922
10923
10924
10925
10928
10932
10933
10934
10937
10938
10939
10940
10950
10953
10959
10962
10963
10964
10968
10970
10981
10984
10988
10989
10995
10997
11001
11002
11004
11005
11006
11009
11011
11012
11014
11015
11016
11021
11023
11026
11029
11032
11035
11036
11038
11039
11040
11043
11046
11048
11052
11054
11056
11058
11060
11061
11068
11069
11070
11072
11075
11077
11082
11083
11084
11085
11094
11096
11097
11098
11099
11101
11102
11105
11108
11110
11114
11117
11118
11120
11130
11131
11132
11133
11134
11139
11140
11143
11146
11149
11150
11161
11163
11164
11167
11169
11170
11171
11173
11178
11191
11192
11193
11199
11200
11201
11210
11211
11213
11214
11215
11217
11218
11219
11222
11223
11229
11233
11241
11251
11256
11258
11259
11261
11266
11267
11268
11274
11280
11283
11285
11288
11298
11302
11308
11309
11313
11314
11316
11319
11321
11322
11328
11330
11336
11337
11343
11344
11346
11348
11350
11351
11355
11358
11360
11361
11362
11364
11365
11366
11367
11372
11373
11377
11378
11379
11381
11383
11385
11389
11392
11395
11396
11397
11402
11406
11408
11409
11411
11412
11415
11417
11418
11419
11420
11426
11429
11430
11431
11433
11434
11440
11441
11442
11443
11445
11449
11450
11456
11458
11460
11462
11468
11470
11471
11472
11473
11474
11479
11482
11483
11484
11488
11489
11490
11491
11492
11493
11498
11500
11504
11505
11506
11508
11511
11514
11519
11521
11524
11525
11527
11529
11535
11536
11539
11540
11543
11545
11547
11548
11549
11552
11554
11555
11557
11558
11561
11564
11566
11568
11580
11584
11587
11588
11597
11600
11601
11602
11607
11609
11616
11618
11619
11624
11625
11626
11627
11630
11634
11635
11636
11638
11644
11645
11646
11647
11648
11651
11652
11653
11655
11657
11659
11661
11663
11664
11670
11671
11672
11676
11679
11680
11683
11685
11686
11687
11691
11692
11694
11695
11696
11700
11705
11714
11723
11728
11731
11733
11734
11735
11737
11741
11742
11743
11753
11754
11759
11760
11761
11763
11767
11772
11773
11774
11778
11780
11785
11787
11789
11790
11792
11796
11798
11807
11809
11810
11815
11817
11824
11828
11829
11830
11831
11832
11834
11839
11843
11844
11850
11851
11853
11856
11859
11863
11864
11873
11875
11878
11879
11881
11883
11884
11886
11888
11897
11898
11900
11901
11907
11912
11915
11920
11923
11924
11926
11929
11933
11934
11935
11937
11938
11943
11945
11946
11947
11952
11955
11957
11959
11960
11961
11965
11968
11969
11970
11972
11974
11976
11980
11981
11982
11983
11984
11992
11993
11999
12006
12007
12008
12013
12015
12016
12020
12022
12025
12031
12032
12036
12038
12043
12045
12046
12052
12053
12057
12058
12063
12069
12070
12074
12076
12077
12078
12079
12092
12093
12094
12096
12102
12107
12110
12111
12120
12121
12122
12125
12126
12128
12129
12134
12135
12137
12139
12141
12145
12150
12151
12152
12156
12157
12161
12164
12169
12170
12171
12172
12173
12174
12177
12179
12182
12183
12184
12188
12191
12192
12196
12203
12205
12208
12211
12212
12214
12215
12216
12220
12221
12222
12223
12224
12225
12226
12228
12229
12231
12233
12240
12242
12246
12247
12250
12254
12256
12260
12263
12264
12265
12270
12271
12274
12276
12279
12282
12284
12286
12288
12290
12293
12299
12300
12305
12307
12318
12319
12320
12324
12330
12331
12336
12337
12340
12342
12344
12346
12347
12349
12350
12356
12358
12360
12366
12369
12371
12373
12375
12379
12380
12384
12389
12391
12392
12394
12402
12404
12407
12409
12410
12411
12412
12416
12418
12419
12421
12427
12428
12430
12434
12441
12450
12452
12453
12454
12455
12458
12460
12464
12465
12469
12472
12473
12474
12475
12476
12479
12483
12486
12492
12494
12495
12498
12500
12501
12502
12506
12509
12510
12513
12514
12516
12517
12520
12522
12525
12530
12531
12532
12534
12538
12547
12549
12550
12553
12557
12564
12568
12569
12571
12572
12573
12574
12575
12576
12580
12582
12585
12587
12591
12592
12595
12598
12601
12602
12605
12607
12609
12611
12615
12616
12618
12619
12627
12629
12632
12635
12638
12640
12641
12643
12644
12648
12649
12654
12655
12657
12667
12668
12671
12673
12674
12675
12678
12680
12681
12684
12685
12692
12695
12697
12703
12707
12708
12709
12710
12712
12716
12717
12721
12722
12723
12728
12731
12736
12739
12742
12743
12744
12747
12749
12751
12752
12755
12758
12759
12760
12761
12764
12765
12766
12770
12772
12773
12778
12779
12791
12793
12794
12796
12801
12804
12808
12811
12812
12814
12817
12818
12819
12820
12822
12824
12825
12826
12827
12830
12834
12836
12838
12842
12844
12845
12846
12847
12848
12851
12852
12854
12855
12859
12868
12869
12872
12873
12874
12876
12877
12880
12881
12882
12883
12885
12886
12893
12894
12901
12904
12905
12906
12910
12914
12916
12918
12922
12926
12927
12928
12930
12932
12936
12937
12940
12942
12943
12945
12948
12949
12950
12951
12952
12955
12957
12962
12963
12967
12969
12975
12976
12978
12980
12984
12985
12987
12992
12993
13004
13005
13008
13010
13012
13014
13015
13017
13021
13027
13029
13030
13035
13043
13047
13050
13052
13054
13055
13057
13058
13063
13067
13068
13070
13075
13076
13078
13083
13086
13088
13091
13092
13096
13097
13104
13105
13106
13107
13108
13111
13112
13113
13114
13118
13119
13123
13124
13131
13135
13140
13141
13142
13150
13151
13152
13155
13159
13173
13175
13176
13177
13178
13180
13182
13184
13187
13188
13189
13190
13193
13194
13196
13198
13199
13201
13204
13205
13212
13214
13215
13218
13221
13223
13226
13234
13239
13243
13244
13247
13248
13249
13252
13254
13255
13256
13257
13260
13261
13263
13266
13269
13272
13274
13276
13283
13285
13287
13290
13292
13295
13296
13297
13301
13303
13305
13307
13308
13309
13313
13314
13317
13318
13321
13323
13324
13325
13328
13329
13330
13333
13336
13338
13342
13348
13352
13353
13355
13356
13364
13365
13367
13368
13371
13372
13375
13376
13377
13380
13382
13384
13386
13392
13393
13396
13399
13401
13403
13405
13409
13411
13412
13415
13419
13422
13423
13424
13425
13430
13431
13433
13436
13438
13440
13441
13443
13445
13446
13451
13462
13465
13472
13475
13478
13480
13482
13483
13485
13492
13494
13495
13498
13499
13504
13505
13507
13508
13515
13516
13517
13521
13526
13527
13536
13541
13548
13549
13551
13554
13555
13559
13563
13565
13572
13573
13578
13581
13586
13589
13591
13592
13593
13595
13598
13600
13602
13608
13609
13610
13612
13613
13614
13615
13616
13617
13619
13623
13625
13629
13632
13633
13634
13637
13638
13645
13646
13653
13656
13657
13674
13676
13678
13682
13688
13691
13694
13699
13708
13709
13712
13716
13724
13729
13730
13731
13733
13736
13737
13738
13739
13740
13742
13744
13750
13751
13752
13753
13755
13758
13760
13767
13788
13790
13796
13797
13798
13799
13800
13803
13806
13808
13811
13812
13814
13815
13817
13818
13822
13825
13829
13830
13832
13835
13838
13839
13840
13843
13844
13849
13850
13853
13854
13855
13862
13863
13865
13866
13869
13870
13876
13878
13883
13885
13887
13890
13891
13893
13903
13908
13914
13917
13919
13923
13924
13930
13931
13933
13935
13936
13939
13943
13948
13950
13956
13959
13963
13964
13968
13971
13975
13980
13987
13990
13991
13993
13995
14006
14007
14008
14011
14014
14016
14017
14019
14023
14026
14027
14030
14031
14033
14049
14052
14056
14075
14079
14080
14084
14085
14088
14092
14095
14098
14099
14100
14101
14105
14110
14116
14120
14121
14123
14128
14130
14134
14136
14142
14146
14149
14150
14151
14157
14158
14161
14162
14163
14164
14165
14168
14171
14173
14175
14181
14183
14190
14193
14194
14199
14200
14207
14208
14209
14212
14213
14215
14217
14218
14220
14221
14224
14226
14230
14231
14232
14235
14236
14238
14244
14247
14252
14253
14256
14260
14263
14269
14270
14271
14273
14275
14276
14278
14283
14287
14290
14291
14294
14295
14297
14302
14306
14307
14309
14312
14313
14314
14318
14321
14322
14327
14329
14330
14332
14333
14335
14337
14342
14344
14350
14352
14355
14358
14359
14363
14369
14370
14373
14377
14378
14381
14382
14386
14387
14389
14390
14391
14401
14403
14404
14406
14411
14413
14417
14420
14421
14426
14429
14434
14435
14439
14441
14443
14445
14448
14450
14456
14458
14460
14462
14465
14466
14467
14468
14471
14472
14474
14475
14480
14488
14489
14494
14499
14501
14503
14505
14511
14514
14523
14527
14528
14533
14536
14539
14540
14543
14544
14547
14548
14549
14551
14552
14553
14556
14559
14566
14570
14571
14572
14573
14577
14580
14582
14583
14586
14587
14588
14589
14595
14599
14601
14602
14604
14610
14611
14613
14616
14624
14628
14629
14632
14634
14635
14636
14637
14640
14642
14646
14649
14650
14654
14655
14660
14663
14664
14665
14673
14675
14676
14681
14682
14685
14688
14689
14690
14697
14699
14703
14705
14707
14708
14710
14711
14714
14715
14719
14720
14722
14724
14729
14733
14734
14736
14737
14738
14743
14746
14748
14751
14752
14756
14758
14763
14765
14766
14767
14768
14769
14770
14782
14783
14784
14786
14790
14791
14798
14804
14810
14813
14815
14821
14823
14825
14827
14829
14834
14837
14838
14845
14849
14850
14851
14853
14856
14857
14862
14869
14873
14876
14877
14879
14880
14882
14885
14888
14891
14894
14895
14897
14900
14902
14905
14908
14909
14912
14914
14917
14918
14919
14920
14921
14923
14924
14932
14934
14935
14941
14942
14944
14945
14946
14947
14948
14950
14952
14956
14957
14959
14960
14961
14963
14965
14967
14969
14971
14972
14974
14975
14979
14982
14986
14987
14988
14992
14994
14995
14998
15002
15003
15005
15016
15018
15022
15025
15033
15036
15037
15038
15039
15043
15044
15047
15055
15062
15063
15064
15073
15074
15075
15077
15080
15082
15083
15086
15088
15089
15091
15092
15094
15100
15101
15104
15107
15111
15114
15115
15116
15118
15119
15126
15127
15128
15130
15131
15132
15133
15137
15140
15142
15143
15149
15151
15153
15161
15162
15165
15168
15172
15174
15176
15180
15182
15183
15188
15190
15192
15197
15199
15200
15202
15204
15207
15208
15210
15218
15223
15230
15233
15234
15235
15236
15238
15245
15247
15248
15249
15253
15255
15260
15262
15266
15267
15268
15269
15271
15272
15275
15285
15296
15297
15298
15301
15302
15304
15310
15312
15314
15316
15319
15320
15322
15323
15328
15331
15333
15336
15337
15339
15343
15345
15350
15352
15354
15355
15357
15362
15363
15364
15366
15367
15368
15372
15378
15380
15384
15391
15392
15394
15396
15403
15404
15415
15419
15423
15424
15425
15427
15429
15431
15432
15433
15434
15435
15440
15441
15442
15444
15445
15452
15455
15458
15460
15461
15462
15463
15465
15468
15469
15471
15474
15476
15478
15480
15487
15494
15496
15501
15502
15507
15508
15521
15522
15525
15529
15531
15532
15538
15543
15544
15545
15546
15547
15549
15550
15553
15554
15560
15567
15573
15576
15577
15578
15580
15583
15589
15590
15593
15594
15596
15600
15601
15603
15604
15605
15607
15611
15613
15614
15619
15625
15626
15628
15630
15631
15633
15635
15640
15641
15644
15652
15653
15655
15656
15660
15663
15664
15673
15678
15686
15688
15689
15691
15693
15696
15698
15700
15705
15708
15710
15711
15721
15723
15724
15725
15730
15733
15735
15737
15740
15744
15745
15748
15750
15752
15754
15756
15760
15763
15764
15766
15767
15771
15772
15774
15776
15779
15781
15786
15789
15790
15791
15792
15796
15797
15805
15807
15808
15809
15814
15818
15819
15821
15823
15826
15833
15839
15840
15842
15843
15844
15852
15855
15860
15862
15863
15864
15867
15873
15882
15883
15884
15887
15889
15894
15898
15901
15904
15906
15907
15908
15909
15910
15915
15916
15919
15920
15929
15932
15933
15934
15936
15937
15939
15941
15942
15944
15948
15950
15953
15955
15956
15957
15958
15961
15962
15963
15964
15967
15970
15971
15972
15973
15977
15979
15980
15981
15982
15983
15984
15990
15992
16002
16003
16004
16005
16007
16008
16011
16012
16015
16022
16023
16027
16032
16035
16041
16042
16043
16052
16061
16062
16074
16075
16082
16086
16092
16095
16096
16097
16098
16102
16110
16111
16114
16115
16117
16120
16124
16125
16131
16134
16135
16136
16139
16140
16143
16147
16150
16151
16152
16153
16157
16160
16161
16164
16166
16168
16170
16174
16175
16177
16178
16185
16186
16194
16198
16200
16202
16203
16208
16210
16214
16219
16221
16223
16224
16225
16226
16227
16228
16230
16231
16234
16235
16239
16242
16243
16245
16247
16248
16249
16251
16252
16253
16255
16256
16258
16262
16263
16264
16266
16268
16276
16278
16280
16283
16284
16289
16297
16302
16305
16306
16307
16317
16319
16320
16323
16324
16327
16328
16333
16338
16339
16340
16342
16343
16344
16345
16346
16357
16360
16363
16364
16368
16369
16370
16372
16373
16374
16378
16382
16383
16385
16386
16387
16392
16395
16396
16397
16399
16401
16404
16407
16411
16413
16415
16418
16420
16425
16430
16431
16433
16434
16437
16443
16446
16447
16449
16453
16457
16458
16459
16462
16464
16470
16471
16478
16479
16481
16482
16485
16486
16489
16490
16492
16494
16504
16505
16506
16507
16508
16509
16513
16518
16519
16520
16521
16524
16525
16527
16528
16531
16532
16535
16536
16539
16541
16542
16543
16546
16547
16548
16551
16553
16554
16557
16565
16570
16574
16575
16576
16583
16588
16589
16591
16592
16595
16597
16602
16603
16611
16614
16621
16625
16626
16629
16630
16633
16635
16640
16643
16644
16645
16646
16648
16652
16653
16654
16655
16656
16660
16661
16672
16674
16676
16677
16684
16686
16690
16691
16695
16698
16701
16703
16705
16707
16712
16714
16715
16717
16718
16719
16720
16723
16725
16732
16735
16737
16740
16742
16744
16745
16746
16752
16754
16756
16762
16764
16765
16766
16767
16768
16771
16772
16773
16774
16785
16786
16790
16793
16794
16795
16803
16804
16806
16808
16815
16818
16820
16823
16824
16826
16828
16829
16837
16841
16843
16845
16846
16847
16849
16864
16865
16866
16867
16868
16869
16872
16875
16877
16882
16885
16886
16887
16888
16889
16892
16895
16897
16898
16901
16906
16909
16910
16912
16915
16916
16917
16926
16931
16933
16936
16940
16943
16944
16947
16949
16950
16953
16959
16962
16968
16969
16970
16971
16979
16985
16986
16987
16990
16992
16997
17000
17002
17006
17010
17011
17016
17018
17023
17024
17025
17027
17029
17030
17038
17039
17044
17045
17046
17056
17057
17059
17060
17068
17074
17077
17078
17081
17082
17083
17086
17087
17090
17092
17094
17096
17101
17110
17115
17116
17117
17118
17119
17123
17124
17127
17132
17136
17145
17146
17147
17149
17150
17152
17157
17159
17161
17162
17164
17165
17166
17167
17168
17169
17173
17174
17178
17179
17184
17186
17205
17209
17212
17220
17225
17226
17231
17232
17234
17235
17244
17245
17247
17248
17249
17250
17251
17252
17253
17255
17259
17260
17264
17265
17267
17270
17272
17274
17276
17278
17280
17281
17283
17284
17285
17293
17294
17297
17298
17303
17306
17307
17309
17310
17313
17316
17318
17319
17320
17323
17327
17330
17334
17336
17338
17341
17343
17344
17345
17346
17347
17348
17349
17350
17351
17353
17356
17358
17359
17361
17362
17366
17367
17368
17373
17375
17377
17379
17382
17383
17389
17391
17395
17398
17399
17400
17404
17405
17412
17420
17421
17423
17424
17426
17427
17430
17432
17433
17438
17439
17440
17441
17442
17448
17450
17453
17454
17457
17462
17464
17465
17466
17469
17474
17476
17477
17479
17482
17483
17484
17485
17488
17492
17493
17494
17496
17497
17505
17507
17510
17514
17515
17516
17521
17526
17529
17531
17539
17542
17544
17548
17550
17553
17555
17556
17558
17559
17568
17572
17573
17574
17575
17577
17579
17582
17585
17586
17588
17590
17595
17599
17603
17605
17606
17610
17611
17613
17614
17617
17621
17623
17630
17631
17638
17639
17643
17645
17646
17648
17650
17652
17655
17657
17659
17660
17662
17663
17668
17670
17673
17675
17677
17678
17681
17687
17688
17689
17690
17694
17698
17700
17702
17703
17704
17705
17709
17710
17714
17716
17717
17718
17721
17729
17730
17731
17740
17747
17751
17753
17754
17756
17759
17763
17765
17768
17772
17774
17778
17780
17781
17784
17787
17789
17790
17792
17794
17797
17800
17801
17804
17805
17807
17811
17814
17816
17822
17823
17825
17829
17831
17833
17838
17839
17842
17846
17848
17850
17851
17854
17857
17858
17861
17864
17872
17874
17875
17876
17877
17880
17885
17887
17891
17894
17901
17903
17904
17906
17907
17911
17914
17915
17917
17920
17921
17923
17925
17926
17929
17935
17936
17938
17943
17947
17949
17954
17955
17956
17958
17960
17961
17962
17963
17967
17968
17969
17970
17972
17976
17977
17978
17979
17980
17983
17984
17985
17986
17989
17994
18001
18006
18007
18008
18009
18011
18012
18015
18017
18020
18021
18024
18025
18027
18030
18031
18035
18037
18038
18041
18042
18044
18045
18046
18049
18051
18055
18056
18057
18061
18062
18063
18066
18070
18072
18073
18075
18077
18078
18086
18092
18093
18094
18095
18098
18102
18106
18107
18109
18110
18112
18113
18115
18116
18117
18121
18122
18127
18130
18136
18138
18140
18142
18143
18144
18150
18151
18155
18156
18157
18160
18161
18163
18166
18167
18175
18177
18183
18184
18187
18189
18190
18191
18195
18196
18208
18210
18212
18217
18224
18225
18226
18230
18232
18240
18242
18243
18244
18245
18246
18247
18250
18252
18253
18254
18255
18258
18264
18266
18270
18271
18273
18274
18276
18277
18278
18279
18283
18284
18289
18292
18293
18297
18304
18305
18306
18308
18309
18310
18312
18313
18314
18316
18319
18321
18322
18323
18325
18330
18331
18332
18334
18337
18338
18339
18342
18347
18349
18350
18354
18357
18359
18361
18367
18369
18371
18373
18377
18378
18380
18383
18384
18386
18388
18390
18391
18392
18394
18398
18399
18400
18404
18408
18410
18415
18417
18418
18420
18422
18423
18424
18426
18432
18437
18439
18444
18446
18448
18450
18455
18460
18463
18464
18472
18473
18475
18478
18479
18481
18486
18491
18492
18493
18495
18496
