0
3
10
12
16
19
22
23
27
30
32
33
34
36
40
45
46
47
48
49
51
53
55
58
64
70
73
75
77
79
80
81
88
89
97
100
102
103
104
106
107
108
113
122
133
134
135
136
137
139
141
147
149
153
156
158
161
166
167
168
169
171
174
177
182
183
185
187
188
189
190
192
193
195
199
201
205
207
209
212
215
217
225
226
228
230
237
238
241
243
244
246
249
252
253
255
258
260
262
263
265
267
268
271
273
277
280
282
285
286
287
288
290
291
292
298
301
302
303
305
317
318
324
327
330
333
337
338
340
344
347
351
352
354
355
359
362
364
366
368
370
371
373
374
377
378
380
381
385
388
390
393
397
400
402
404
409
412
418
419
425
426
429
431
435
437
440
442
443
444
445
446
447
448
450
451
452
454
455
458
461
467
471
472
475
481
484
493
496
501
502
506
510
512
513
515
517
520
522
523
524
525
531
535
536
539
541
544
545
549
552
554
559
560
564
575
583
587
591
597
600
605
607
608
609
616
618
619
620
621
629
635
638
639
643
645
646
656
658
659
660
663
664
665
671
675
676
677
678
680
685
687
688
691
693
695
697
698
701
702
704
707
714
715
717
720
722
723
725
726
727
731
736
737
738
739
743
748
753
754
756
759
763
768
773
775
776
778
785
787
790
792
795
797
798
800
801
802
803
804
805
806
807
808
818
819
821
823
826
827
831
832
835
836
839
840
841
844
845
850
851
852
857
858
859
864
866
876
877
880
882
883
884
885
886
890
892
893
895
899
901
902
904
905
911
912
916
917
918
920
923
926
934
935
936
937
942
943
952
953
954
955
958
960
965
966
967
968
970
971
975
977
978
980
982
986
990
991
992
996
997
999
1000
1002
1007
1008
1010
1011
1014
1015
1018
1019
1020
1023
1025
1027
1035
1037
1043
1046
1048
1054
1055
1057
1058
1060
1065
1067
1071
1073
1078
1082
1083
1084
1085
1087
1088
1089
1094
1096
1099
1105
1107
1108
1111
1113
1116
1118
1126
1127
1128
1129
1130
1131
1133
1135
1138
1144
1146
1148
1149
1157
1165
1171
1172
1175
1177
1178
1179
1183
1184
1188
1190
1191
1193
1195
1197
1198
1201
1208
1209
1211
1213
1216
1220
1223
1225
1226
1227
1229
1230
1234
1239
1240
1246
1247
1249
1251
1252
1256
1258
1261
1262
1263
1271
1278
1279
1282
1285
1292
1294
1299
1302
1304
1308
1319
1324
1328
1329
1331
1334
1335
1337
1344
1346
1347
1350
1353
1358
1359
1360
1361
1371
1372
1373
1378
1382
1383
1384
1385
1388
1394
1398
1399
1402
1405
1408
1410
1415
1417
1418
1421
1422
1426
1428
1429
1432
1434
1436
1437
1439
1453
1454
1455
1458
1460
1462
1463
1465
1467
1469
1474
1475
1481
1483
1484
1487
1490
1491
1496
1499
1500
1503
1504
1513
1514
1516
1522
1523
1529
1532
1533
1534
1542
1543
1544
1545
1547
1548
1551
1552
1553
1555
1556
1557
1559
1560
1561
1565
1569
1572
1574
1576
1578
1579
1582
1585
1586
1588
1589
1591
1596
1598
1601
1602
1605
1609
1612
1613
1614
1615
1617
1619
1623
1629
1630
1631
1632
1635
1636
1637
1639
1641
1644
1648
1649
1652
1653
1656
1664
1667
1669
1673
1674
1675
1678
1681
1682
1683
1686
1699
1702
1703
1704
1706
1708
1711
1713
1715
1716
1718
1719
1720
1721
1723
1725
1729
1730
1731
1736
1744
1745
1746
1748
1750
1751
1752
1755
1756
1757
1758
1759
1760
1763
1768
1773
1774
1776
1780
1782
1783
1790
1791
1792
1796
1800
1804
1810
1812
1813
1814
1815
1817
1818
1820
1822
1824
1825
1828
1832
1833
1834
1839
1841
1843
1848
1849
1850
1852
1853
1855
1859
1860
1861
1863
1864
1865
1869
1872
1873
1876
1877
1878
1880
1881
1884
1885
1886
1887
1890
1904
1905
1906
1909
1912
1913
1921
1922
1924
1925
1928
1934
1935
1936
1937
1941
1946
1947
1948
1949
1953
1954
1955
1965
1969
1973
1974
1978
1980
1982
1983
1984
1987
1988
1989
1992
1996
1999
2007
2010
2013
2017
2019
2021
2022
2023
2024
2027
2030
2032
2033
2036
2037
2038
2040
2041
2042
2043
2049
2056
2069
2072
2074
2076
2080
2081
2082
2085
2086
2090
2094
2099
2103
2104
2108
2109
2110
2112
2116
2121
2122
2128
2129
2131
2133
2134
2138
2140
2141
2145
2150
2152
2153
2156
2157
2162
2166
2168
2173
2178
2180
2190
2191
2192
2197
2200
2201
2202
2205
2211
2212
2218
2221
2222
2223
2224
2225
2226
2227
2230
2232
2235
2236
2239
2243
2245
2247
2250
2252
2256
2257
2258
2259
2260
2263
2266
2267
2268
2269
2271
2277
2278
2279
2285
2286
2287
2288
2289
2290
2291
2294
2297
2299
2300
2304
2308
2314
2316
2317
2320
2321
2326
2330
2336
2337
2339
2341
2348
2353
2358
2359
2360
2363
2367
2368
2372
2374
2376
2377
2378
2386
2390
2391
2392
2400
2401
2402
2405
2406
2410
2413
2414
2415
2418
2419
2420
2425
2426
2428
2430
2431
2433
2434
2435
2439
2441
2444
2445
2447
2448
2451
2453
2456
2458
2463
2466
2467
2472
2473
2474
2477
2480
2489
2490
2492
2493
2496
2498
2499
2504
2505
2507
2511
2512
2513
2517
2521
2523
2528
2531
2533
2534
2541
2543
2544
2546
2548
2552
2555
2556
2565
2566
2567
2569
2571
2576
2577
2580
2582
2583
2585
2586
2587
2589
2591
2598
2603
2609
2610
2614
2615
2616
2618
2620
2621
2624
2626
2629
2631
2636
2638
2640
2651
2655
2657
2659
2664
2666
2667
2671
2677
2680
2683
2684
2686
2687
2690
2696
2703
2704
2707
2708
2712
2714
2718
2720
2721
2723
2725
2728
2731
2732
2733
2734
2736
2741
2742
2745
2746
2748
2749
2751
2755
2756
2759
2760
2762
2767
2768
2770
2771
2772
2773
2779
2784
2787
2790
2798
2805
2809
2810
2812
2817
2820
2822
2824
2825
2827
2830
2833
2840
2841
2845
2847
2850
2856
2857
2861
2864
2865
2869
2875
2878
2881
2883
2885
2890
2891
2893
2894
2895
2899
2900
2902
2905
2908
2909
2912
2916
2918
2921
2925
2928
2929
2937
2938
2946
2947
2949
2964
2966
2967
2976
2978
2983
2986
2990
2991
2993
2994
2996
2997
2998
2999
3002
3005
3006
3008
3012
3015
3018
3026
3030
3032
3040
3042
3043
3046
3053
3057
3059
3063
3067
3072
3073
3077
3079
3080
3086
3092
3093
3096
3097
3098
3099
3100
3102
3109
3111
3113
3115
3116
3117
3119
3130
3131
3132
3133
3138
3142
3143
3145
3146
3147
3149
3151
3153
3154
3156
3158
3159
3160
3162
3164
3165
3167
3169
3171
3172
3178
3179
3184
3188
3189
3191
3195
3197
3198
3202
3206
3209
3213
3214
3221
3222
3226
3229
3239
3241
3242
3244
3246
3250
3251
3253
3258
3260
3262
3274
3276
3280
3283
3284
3290
3291
3292
3293
3298
3301
3309
3313
3315
3316
3317
3318
3320
3323
3324
3326
3328
3337
3339
3340
3342
3345
3346
3348
3356
3362
3366
3368
3371
3373
3376
3377
3379
3382
3384
3385
3394
3400
3402
3403
3405
3406
3409
3411
3414
3415
3419
3421
3422
3424
3432
3437
3439
3442
3443
3444
3446
3449
3450
3451
3454
3466
3468
3478
3483
3484
3486
3487
3489
3490
3492
3493
3497
3499
3502
3504
3505
3507
3508
3509
3513
3517
3521
3522
3523
3525
3527
3528
3529
3537
3541
3547
3554
3556
3558
3559
3561
3562
3563
3565
3567
3568
3569
3570
3571
3572
3573
3576
3578
3579
3581
3582
3583
3588
3591
3592
3594
3595
3596
3598
3599
3604
3610
3611
3612
3617
3620
3621
3622
3624
3627
3628
3630
3634
3635
3643
3645
3651
3656
3658
3659
3662
3665
3669
3674
3675
3676
3680
3683
3684
3688
3689
3691
3698
3699
3700
3702
3703
3706
3707
3708
3711
3713
3714
3716
3717
3719
3720
3721
3723
3729
3730
3736
3741
3746
3750
3751
3758
3761
3762
3765
3768
3773
3777
3778
3781
3784
3787
3788
3792
3793
3796
3797
3798
3805
3810
3815
3817
3822
3824
3825
3829
3835
3836
3837
3838
3842
3848
3850
3851
3853
3856
3859
3863
3868
3871
3872
3873
3874
3875
3876
3877
3883
3886
3887
3889
3891
3893
3900
3901
3905
3906
3908
3912
3913
3922
3924
3925
3926
3928
3929
3930
3931
3932
3934
3936
3937
3938
3939
3942
3943
3944
3947
3949
3950
3952
3954
3960
3961
3963
3964
3965
3968
3969
3971
3972
3973
3974
3977
3978
3985
3986
3988
3991
3994
4001
4006
4010
4011
4012
4016
4017
4018
4024
4026
4027
4028
4030
4033
4034
4036
4037
4039
4041
4043
4044
4047
4050
4059
4061
4064
4066
4068
4070
4073
4077
4078
4079
4080
4085
4089
4091
4095
4096
4097
4100
4101
4104
4106
4109
4113
4121
4122
4123
4126
4130
4131
4132
4134
4136
4139
4142
4145
4149
4150
4151
4152
4154
4156
4159
4161
4162
4163
4167
4176
4177
4178
4181
4187
4194
4196
4197
4199
4200
4202
4208
4209
4210
4212
4216
4218
4220
4221
4224
4225
4226
4230
4236
4238
4246
4247
4248
4253
4254
4255
4258
4260
4262
4264
4265
4270
4273
4274
4276
4277
4278
4279
4281
4287
4291
4294
4295
4296
4297
4299
4300
4303
4310
4311
4312
4313
4314
4317
4320
4329
4330
4334
4335
4336
4343
4344
4351
4354
4359
4361
4362
4364
4367
4370
4371
4372
4373
4376
4381
4384
4385
4390
4391
4398
4399
4400
4402
4406
4407
4408
4410
4413
4414
4415
4420
4421
4430
4435
4436
4438
4441
4442
4449
4450
4453
4458
4459
4461
4462
4470
4471
4479
4480
4481
4482
4487
4493
4495
4501
4503
4504
4506
4508
4513
4515
4521
4526
4528
4530
4531
4532
4533
4534
4537
4539
4541
4545
4546
4547
4551
4552
4554
4555
4556
4557
4561
4567
4571
4573
4574
4575
4580
4584
4586
4589
4599
4601
4603
4608
4610
4612
4614
4615
4616
4617
4618
4619
4620
4623
4625
4630
4636
4637
4644
4649
4650
4652
4653
4654
4655
4663
4664
4665
4668
4670
4671
4672
4675
4677
4678
4680
4686
4689
4693
4694
4698
4701
4702
4703
4705
4706
4711
4714
4715
4717
4718
4720
4721
4722
4728
4729
4732
4733
4735
4736
4737
4739
4740
4745
4747
4748
4754
4757
4761
4764
4765
4766
4769
4772
4773
4775
4776
4777
4778
4779
4780
4784
4786
4787
4791
4792
4797
4799
4800
4801
4805
4808
4809
4812
4813
4817
4822
4824
4825
4826
4829
4832
4833
4842
4851
4857
4858
4860
4862
4864
4866
4875
4880
4883
4885
4887
4888
4889
4892
4894
4895
4897
4901
4902
4909
4911
4913
4915
4919
4920
4921
4923
4924
4932
4934
4935
4936
4938
4939
4950
4952
4953
4959
4962
4963
4966
4967
4969
4970
4973
4975
4977
4978
4982
4983
4988
4990
4991
4992
4993
4996
5000
5002
5003
5005
5011
5013
5014
5018
5021
5022
5023
5025
5026
5027
5032
5038
5040
5041
5046
5048
5051
5055
5056
5063
5069
5070
5074
5087
5088
5092
5096
5097
5098
5101
5103
5106
5108
5109
5110
5111
5114
5128
5129
5130
5132
5137
5140
5141
5142
5143
5144
5145
5146
5147
5150
5151
5153
5156
5157
5160
5168
5169
5172
5175
5177
5178
5179
5182
5188
5189
5192
5197
5199
5201
5203
5206
5208
5210
5211
5214
5219
5220
5222
5224
5226
5227
5229
5231
5232
5234
5235
5240
5242
5244
5246
5251
5252
5254
5257
5260
5261
5262
5263
5264
5270
5271
5272
5276
5277
5278
5280
5282
5287
5288
5289
5290
5291
5297
5298
5301
5302
5303
5305
5306
5311
5313
5316
5323
5325
5326
5327
5330
5331
5334
5335
5336
5338
5340
5342
5343
5346
5347
5351
5354
5357
5359
5362
5365
5368
5369
5374
5382
5384
5391
5394
5396
5397
5401
5402
5408
5409
5410
5416
5418
5421
5427
5428
5435
5438
5441
5442
5449
5450
5455
5457
5459
5468
5475
5477
5480
5483
5494
5495
5497
5498
5499
5501
5503
5504
5505
5509
5510
5511
5515
5519
5524
5526
5530
5533
5534
5535
5542
5543
5544
5545
5549
5551
5553
5556
5558
5562
5565
5568
5569
5573
5574
5583
5585
5588
5595
5596
5598
5602
5606
5607
5618
5619
5621
5624
5628
5634
5637
5638
5639
5641
5642
5645
5646
5649
5651
5652
5655
5656
5660
5663
5664
5666
5667
5670
5671
5672
5673
5674
5684
5687
5688
5691
5693
5695
5697
5699
5708
5712
5713
5716
5721
5723
5725
5727
5730
5733
5734
5736
5738
5739
5743
5748
5753
5755
5756
5759
5760
5762
5764
5769
5774
5781
5784
5787
5788
5789
5791
5796
5797
5798
5800
5804
5806
5811
5814
5815
5816
5820
5825
5827
5828
5831
5833
5834
5836
5840
5847
5848
5850
5854
5855
5856
5858
5859
5861
5866
5868
5874
5878
5882
5883
5885
5887
5889
5894
5895
5896
5900
5902
5909
5910
5911
5914
5915
5917
5919
5920
5927
5929
5942
5943
5944
5947
5951
5952
5956
5960
5961
5964
5965
5966
5968
5970
5972
5974
5977
5979
5982
5984
5985
5988
5989
5994
5995
6000
6001
6002
6006
6013
6015
6017
6018
6021
6023
6027
6028
6030
6032
6036
6037
6039
6040
6041
6045
6049
6053
6055
6057
6059
6064
6070
6071
6073
6074
6076
6079
6083
6084
6085
6087
6091
6092
6093
6094
6097
6098
6104
6105
6106
6108
6114
6116
6117
6118
6120
6124
6127
6128
6130
6131
6133
6134
6137
6142
6143
6144
6147
6148
6150
6151
6154
6156
6157
6161
6163
6164
6165
6167
6169
6172
6175
6179
6182
6183
6186
6187
6191
6192
6197
6201
6208
6212
6219
6220
6222
6224
6225
6226
6227
6228
6230
6234
6237
6238
6240
6241
6242
6245
6248
6250
6253
6257
6260
6261
6263
6264
6265
6266
6268
6270
6271
6273
6277
6278
6280
6282
6283
6288
6289
6295
6301
6302
6306
6308
6309
6310
6311
6312
6313
6314
6316
6317
6321
6323
6324
6326
6327
6329
6337
6338
6340
6342
6344
6345
6346
6352
6358
6361
6364
6371
6374
6379
6389
6396
6397
6398
6400
6404
6407
6408
6409
6411
6412
6415
6416
6417
6423
6426
6427
6431
6432
6433
6434
6435
6438
6439
6442
6454
6455
6456
6462
6463
6464
6466
6467
6469
6472
6474
6475
6481
6482
6486
6487
6488
6492
6500
6501
6504
6509
6511
6514
6515
6517
6519
6524
6525
6527
6529
6534
6535
6536
6538
6540
6542
6544
6550
6554
6556
6557
6561
6562
6572
6574
6575
6587
6589
6592
6601
6605
6606
6612
6613
6614
6619
6620
6627
6630
6633
6634
6636
6638
6641
6645
6646
6648
6650
6651
6655
6656
6657
6658
6661
6664
6667
6671
6672
6675
6679
6680
6686
6688
6695
6696
6700
6701
6704
6705
6711
6713
6720
6724
6726
6729
6730
6731
6736
6739
6742
6747
6748
6749
6751
6753
6756
6759
6760
6761
6763
6767
6768
6769
6770
6774
6775
6777
6779
6780
6781
6783
6784
6785
6787
6791
6793
6795
6797
6798
6800
6801
6802
6806
6807
6808
6810
6814
6820
6821
6822
6823
6824
6826
6831
6835
6838
6840
6841
6842
6846
6847
6850
6851
6853
6856
6857
6862
6864
6866
6867
6872
6877
6882
6886
6888
6890
6895
6897
6901
6902
6903
6904
6905
6912
6915
6920
6921
6925
6927
6928
6929
6931
6934
6936
6941
6945
6948
6949
6950
6957
6963
6966
6970
6974
6979
6983
6986
6988
6992
6995
6996
6997
6998
7005
7006
7008
7009
7010
7013
7017
7022
7030
7031
7032
7036
7037
7038
7040
7041
7042
7044
7045
7047
7049
7059
7065
7069
7071
7074
7078
7079
7080
7081
7083
7084
7085
7088
7091
7092
7094
7095
7096
7099
7104
7109
7111
7113
7114
7116
7118
7119
7122
7125
7126
7129
7132
7133
7135
7136
7138
7141
7142
7147
7152
7153
7154
7155
7160
7165
7169
7174
7175
7177
7180
7183
7186
7189
7197
7198
7201
7205
7208
7209
7212
7215
7217
7218
7223
7227
7229
7231
7233
7234
7236
7242
7245
7248
7252
7253
7256
7257
7259
7261
7262
7263
7265
7266
7276
7277
7281
7283
7295
7296
7300
7302
7303
7305
7306
7309
7310
7312
7316
7319
7324
7328
7329
7332
7335
7338
7340
7342
7343
7345
7347
7351
7354
7357
7360
7361
7362
7366
7367
7369
7370
7379
7381
7384
7385
7387
7390
7391
7392
7393
7394
7399
7405
7406
7407
7411
7412
7414
7419
7425
7427
7437
7440
7445
7446
7449
7451
7453
7456
7458
7461
7463
7466
7467
7468
7473
7475
7477
7478
7479
7480
7486
7487
7490
7492
7493
7498
7501
7507
7510
7513
7522
7525
7528
7530
7534
7540
7541
7543
7548
7551
7552
7564
7567
7571
7572
7573
7577
7581
7582
7586
7587
7589
7591
7592
7593
7597
7600
7607
7613
7615
7616
7619
7620
7621
7627
7632
7633
7635
7637
7640
7643
7644
7645
7649
7652
7656
7659
7662
7664
7667
7668
7675
7677
7678
7682
7686
7691
7695
7696
7699
7700
7701
7702
7705
7707
7710
7711
7716
7717
7719
7723
7726
7730
7731
7734
7735
7736
7743
7745
7746
7748
7749
7753
7755
7758
7759
7760
7761
7768
7769
7771
7774
7777
7784
7790
7791
7793
7794
7801
7803
7805
7808
7809
7812
7813
7814
7816
7823
7825
7827
7830
7831
7832
7838
7839
7840
7841
7844
7845
7847
7848
7850
7858
7860
7863
7867
7869
7870
7874
7875
7879
7883
7888
7895
7896
7898
7899
7900
7901
7903
7910
7911
7912
7915
7917
7918
7921
7926
7928
7930
7932
7933
7934
7936
7937
7946
7948
7949
7950
7955
7957
7959
7966
7968
7969
7970
7976
7977
7979
7980
7982
7984
7989
7991
7995
7999
8000
8002
8003
8011
8012
8013
8014
8018
8019
8022
8024
8025
8031
8034
8035
8037
8040
8041
8043
8046
8047
8048
8050
8051
8054
8058
8062
8063
8064
8066
8068
8072
8073
8074
8075
8076
8077
8078
8079
8080
8086
8088
8089
8090
8097
8102
8106
8107
8111
8117
8118
8119
8121
8125
8138
8141
8142
8143
8144
8146
8148
8151
8154
8155
8157
8158
8159
8162
8163
8165
8169
8172
8173
8175
8183
8191
8192
8193
8196
8197
8201
8202
8203
8204
8205
8216
8221
8222
8226
8228
8234
8235
8240
8243
8246
8247
8248
8252
8253
8256
8260
8262
8267
8269
8272
8275
8276
8277
8278
8279
8280
8286
8289
8290
8291
8292
8293
8295
8297
8304
8305
8306
8308
8309
8315
8317
8318
8319
8320
8322
8323
8330
8334
8337
8344
8345
8350
8351
8352
8356
8358
8359
8360
8362
8366
8367
8372
8374
8376
8377
8381
8391
8392
8395
8398
8399
8404
8405
8406
8407
8408
8413
8414
8415
8417
8418
8422
8428
8429
8430
8431
8434
8435
8439
8440
8441
8442
8443
8444
8447
8448
8454
8455
8456
8459
8466
8469
8471
8474
8475
8476
8478
8484
8485
8487
8488
8489
8490
8491
8499
8500
8501
8502
8503
8504
8505
8506
8507
8515
8516
8519
8521
8525
8527
8529
8538
8539
8542
8543
8544
8547
8548
8551
8553
8554
8555
8556
8560
8561
8569
8570
8574
8576
8579
8581
8585
8588
8590
8592
8593
8600
8601
8602
8606
8608
8613
8615
8621
8623
8624
8633
8636
8638
8640
8643
8644
8647
8649
8651
8652
8655
8657
8662
8663
8666
8668
8669
8670
8673
8675
8677
8678
8680
8681
8686
8688
8690
8691
8694
8697
8700
8707
8708
8711
8712
8713
8714
8723
8725
8727
8728
8729
8730
8733
8737
8738
8739
8744
8752
8754
8755
8756
8759
8761
8762
8766
8767
8768
8769
8774
8775
8776
8777
8778
8781
8782
8783
8785
8788
8790
8792
8793
8798
8799
8801
8802
8806
8810
8813
8814
8817
8818
8819
8821
8827
8828
8837
8838
8839
8844
8845
8846
8847
8855
8865
8869
8871
8875
8877
8878
8879
8881
8883
8885
8888
8889
8890
8895
8899
8900
8902
8904
8907
8913
8914
8919
8920
8922
8928
8929
8932
8933
8937
8939
8942
8945
8946
8950
8953
8954
8957
8958
8961
8962
8965
8966
8969
8973
8975
8976
8981
8985
8989
8990
8994
8998
8999
9001
9003
9005
9008
9012
9014
9016
9017
9020
9024
9028
9034
9038
9040
9043
9046
9048
9051
9060
9064
9066
9072
9073
9076
9078
9080
9084
9085
9088
9089
9094
9098
9103
9106
9108
9109
9110
9113
9116
9117
9119
9120
9121
9124
9125
9128
9130
9132
9133
9135
9140
9142
9144
9145
9149
9152
9156
9158
9159
9161
9162
9163
9165
9170
9179
9183
9185
9191
9192
9193
9198
9203
9207
9209
9213
9216
9221
9223
9226
9227
9228
9234
9235
9236
9240
9243
9244
9245
9246
9249
9250
9252
9254
9257
9258
9259
9262
9263
9265
9266
9270
9271
9274
9275
9281
9284
9285
9287
9288
9289
9292
9293
9298
9299
9302
9304
9307
9311
9313
9318
9319
9323
9328
9329
9330
9331
9333
9334
9338
9340
9341
9342
9347
9349
9352
9358
9360
9362
9366
9367
9369
9372
9373
9374
9376
9381
9382
9383
9384
9389
9390
9391
9393
9399
9400
9405
9408
9411
9412
9414
9415
9417
9423
9424
9425
9426
9431
9433
9434
9435
9436
9440
9441
9442
9443
9444
9446
9450
9451
9452
9455
9456
9458
9459
9460
9461
9465
9468
9471
9472
9475
9476
9479
9480
9482
9485
9487
9488
9490
9493
9494
9495
9496
9500
9502
9506
9511
9512
9514
9515
9518
9519
9522
9525
9532
9533
9535
9541
9542
9548
9549
9554
9556
9567
9569
9570
9572
9573
9581
9583
9585
9588
9589
9593
9601
9603
9604
9606
9607
9608
9609
9610
9614
9615
9616
9617
9619
9621
9622
9623
9627
9628
9633
9637
9638
9641
9642
9644
9649
9650
9651
9653
9657
9658
9661
9663
9664
9665
9669
9670
9672
9673
9675
9676
9678
9683
9685
9686
9687
9692
9693
9697
9698
9699
9703
9706
9711
9714
9719
9720
9721
9723
9728
9733
9735
9738
9741
9742
9749
9751
9757
9760
9762
9763
9764
9765
9766
9768
9769
9773
9777
9782
9783
9784
9785
9786
9787
9788
9795
9796
9797
9799
9800
9803
9804
9805
9807
9808
9810
9811
9815
9817
9819
9823
9826
9828
9829
9830
9833
9836
9838
9839
9842
9844
9850
9851
9852
9854
9855
9859
9860
9865
9869
9871
9874
9875
9876
9879
9880
9884
9886
9895
9897
9898
9901
9907
9908
9910
9913
9914
9919
9921
9922
9926
9933
9934
9935
9944
9946
9948
9952
9953
9955
9956
9958
9960
9962
9965
9966
9967
9969
9970
9972
9974
9975
9981
9984
9986
9989
9990
10006
10007
10008
10009
10012
10013
10016
10017
10021
10024
10025
10028
10033
10040
10041
10046
10047
10052
10053
10060
10062
10065
10068
10069
10071
10072
10075
10078
10082
10083
10086
10087
10089
10091
10092
10095
10098
10099
10102
10103
10104
10106
10108
10113
10114
10116
10119
10121
10122
10123
10126
10127
10133
10134
10135
10138
10143
10146
10147
10154
10161
10163
10166
10179
10180
10183
10185
10186
10188
10189
10191
10194
10199
10201
10202
10206
10207
10208
10211
10212
10220
10225
10227
10228
10235
10237
10239
10245
10246
10252
10253
10254
10261
10265
10266
10267
10270
10275
10280
10286
10287
10288
10290
10294
10295
10297
10301
10303
10304
10305
10306
10307
10308
10309
10310
10311
10313
10317
10320
10321
10324
10326
10332
10334
10335
10336
10340
10344
10345
10346
10347
10348
10362
10363
10364
10366
10367
10368
10369
10374
10375
10378
10379
10385
10386
10393
10394
10396
10398
10401
10402
10403
10404
10406
10407
10409
10413
10414
10416
10417
10426
10428
10431
10432
10434
10437
10438
10440
10444
10445
10446
10453
10456
10458
10459
10462
10467
10469
10470
10476
10477
10479
10488
10507
10508
10511
10512
10516
10519
10522
10523
10527
10532
10533
10544
10545
10547
10548
10555
10562
10565
10570
10573
10584
10586
10587
10590
10591
10595
10603
10605
10607
10609
10611
10614
10615
10620
10621
10630
10632
10633
10635
10636
10638
10641
10643
10645
10646
10648
10652
10653
10663
10666
10672
10674
10675
10680
10681
10683
10684
10686
10688
10689
10693
10694
10695
10696
10698
10699
10704
10709
10710
10713
10715
10723
10724
10727
10728
10730
10734
10740
10741
10742
10743
10745
10746
10747
10751
10752
10753
10754
10758
10759
10766
10767
10773
10777
10779
10780
10783
10785
10786
10787
10792
10793
10798
10800
10801
10803
10810
10811
10812
10814
10815
10816
10817
10818
10819
10821
10822
10823
10824
10825
10827
10831
10837
10838
10840
10842
10843
10848
10849
10855
10868
10872
10874
10875
10878
10884
10890
10891
10904
10906
10907
10914
10915
10918
10922
10923
10924
10925
10928
10930
10932
10933
10934
10937
10938
10939
10953
10957
10963
10964
10967
10968
10970
10980
10981
10984
10988
10991
10995
10997
11001
11004
11005
11009
11011
11012
11014
11015
11016
11018
11023
11026
11029
11031
11032
11035
11036
11038
11039
11040
11043
11046
11048
11049
11050
11051
11052
11054
11056
11058
11060
11061
11062
11069
11072
11073
11075
11077
11082
11083
11084
11085
11094
11096
11097
11099
11101
11102
11105
11107
11108
11110
11114
11117
11118
11120
11126
11130
11131
11133
11134
11139
11143
11146
11149
11150
11161
11163
11164
11167
11169
11170
11173
11178
11182
11187
11192
11193
11199
11200
11201
11206
11209
11210
11211
11213
11214
11215
11217
11218
11219
11222
11223
11224
11233
11235
11248
11251
11256
11258
11259
11261
11264
11267
11268
11280
11283
11285
11288
11302
11303
11308
11309
11313
11314
11316
11317
11319
11321
11322
11326
11327
11328
11330
11336
11343
11344
11346
11348
11350
11351
11353
11355
11358
11360
11361
11362
11364
11365
11366
11367
11369
11372
11373
11374
11375
11378
11379
11380
11381
11383
11385
11389
11392
11395
11396
11397
11398
11402
11406
11409
11411
11415
11417
11418
11420
11422
11426
11429
11430
11431
11432
11433
11434
11439
11440
11441
11443
11445
11449
11450
11456
11458
11460
11462
11468
11471
11472
11473
11474
11479
11482
11483
11484
11488
11489
11490
11491
11493
11494
11498
11503
11504
11506
11508
11511
11512
11514
11515
11516
11519
11522
11525
11527
11529
11535
11536
11539
11540
11543
11544
11545
11547
11548
11552
11554
11555
11557
11558
11561
11562
11564
11566
11567
11568
11580
11587
11588
11594
11597
11600
11601
11602
11607
11609
11616
11619
11624
11626
11627
11630
11634
11635
11638
11639
11644
11645
11647
11648
11650
11651
11652
11653
11655
11656
11657
11661
11663
11664
11670
11671
11672
11674
11676
11679
11680
11683
11685
11686
11687
11692
11694
11696
11698
11700
11705
11714
11723
11728
11731
11733
11734
11735
11737
11741
11742
11743
11753
11754
11759
11760
11761
11763
11767
11772
11773
11778
11779
11780
11783
11785
11786
11787
11789
11790
11792
11796
11798
11799
11807
11809
11810
11815
11817
11824
11825
11829
11830
11832
11834
11836
11839
11843
11844
11850
11853
11856
11858
11863
11864
11868
11873
11875
11876
11878
11879
11880
11881
11883
11884
11886
11888
11890
11894
11895
11897
11898
11900
11907
11912
11914
11915
11920
11923
11925
11926
11929
11933
11934
11935
11937
11943
11944
11945
11946
11947
11952
11953
11955
11957
11959
11960
11963
11965
11968
11969
11970
11974
11975
11976
11980
11981
11982
11983
11984
11992
11993
11999
12006
12007
12008
12009
12012
12013
12015
12016
12020
12021
12022
12025
12031
12032
12036
12038
12043
12045
12046
12052
12053
12057
12058
12063
12064
12069
12070
12073
12074
12076
12077
12078
12079
12093
12094
12096
12102
12107
12110
12111
12115
12120
12121
12122
12125
12126
12127
12128
12129
12135
12137
12139
12141
12150
12152
12156
12164
12169
12170
12171
12172
12174
12177
12179
12182
12183
12184
12188
12191
12195
12196
12201
12205
12208
12211
12212
12214
12215
12216
12220
12221
12222
12223
12224
12225
12226
12228
12229
12231
12233
12238
12240
12242
12246
12247
12250
12254
12255
12256
12260
12264
12265
12270
12271
12274
12276
12279
12282
12284
12286
12288
12290
12293
12297
12300
12305
12307
12309
12318
12319
12320
12321
12324
12328
12330
12336
12337
12342
12344
12346
12349
12356
12360
12366
12369
12373
12375
12377
12379
12380
12384
12387
12388
12389
12391
12392
12394
12402
12404
12407
12409
12410
12411
12412
12414
12415
12416
12418
12419
12421
12427
12428
12430
12441
12443
12447
12450
12452
12453
12455
12458
12460
12465
12466
12469
12472
12473
12474
12475
12476
12477
12479
12483
12486
12492
12494
12495
12500
12501
12502
12506
12508
12509
12510
12511
12513
12514
12516
12517
12520
12522
12525
12527
12530
12531
12532
12534
12538
12542
12547
12549
12553
12557
12559
12564
12568
12569
12571
12572
12574
12575
12576
12580
12582
12585
12586
12587
12591
12592
12594
12595
12598
12601
12602
12605
12606
12607
12609
12611
12615
12616
12618
12619
12629
12632
12638
12640
12641
12643
12644
12646
12648
12649
12654
12655
12656
12657
12661
12663
12664
12668
12671
12673
12674
12678
12680
12681
12684
12685
12692
12693
12695
12697
12698
12700
12703
12707
12708
12709
12710
12712
12716
12717
12721
12722
12723
12728
12731
12739
12742
12743
12744
12747
12749
12752
12755
12758
12759
12760
12764
12765
12766
12767
12768
12770
12772
12773
12778
12779
12793
12794
12795
12796
12801
12802
12803
12804
12806
12808
12811
12812
12814
12817
12818
12819
12820
12822
12824
12825
12826
12827
12830
12834
12836
12838
12839
12842
12845
12846
12847
12848
12851
12852
12854
12855
12857
12859
12860
12868
12869
12872
12874
12876
12877
12880
12882
12883
12885
12886
12889
12893
12904
12905
12906
12910
12911
12916
12922
12926
12927
12930
12933
12936
12937
12939
12940
12942
12943
12945
12946
12947
12948
12949
12950
12951
12955
12957
12959
12962
12967
12968
12970
12975
12976
12978
12979
12980
12984
12985
12987
12988
12992
13004
13005
13010
13012
13013
13014
13015
13017
13018
13021
13026
13027
13029
13030
13035
13040
13043
13047
13050
13052
13054
13055
13057
13058
13063
13066
13067
13068
13070
13075
13076
13078
13082
13083
13086
13088
13091
13092
13096
13097
13104
13105
13107
13108
13111
13113
13114
13118
13119
13123
13131
13135
13140
13142
13143
13150
13151
13152
13155
13158
13159
13173
13175
13176
13178
13180
13184
13186
13187
13188
13189
13190
13193
13194
13196
13198
13201
13204
13206
13207
13212
13214
13215
13218
13221
13222
13223
13226
13229
13239
13243
13244
13248
13249
13255
13256
13257
13260
13261
13263
13264
13265
13266
13269
13272
13273
13274
13283
13285
13287
13288
13292
13295
13296
13297
13301
13303
13305
13307
13308
13309
13310
13313
13314
13315
13317
13318
13321
13323
13324
13328
13329
13330
13333
13336
13342
13343
13347
13348
13352
13355
13356
13364
13365
13366
13367
13368
13371
13372
13375
13376
13377
13380
13382
13384
13386
13392
13393
13396
13399
13401
13403
13405
13409
13411
13412
13414
13415
13419
13420
13422
13423
13424
13425
13430
13433
13436
13438
13440
13441
13443
13445
13446
13451
13459
13466
13470
13472
13475
13478
13480
13482
13483
13485
13492
13494
13495
13496
13498
13499
13501
13504
13505
13508
13516
13517
13521
13522
13527
13532
13535
13536
13541
13548
13549
13551
13552
13554
13555
13556
13559
13563
13565
13569
13571
13572
13573
13579
13581
13586
13589
13591
13592
13593
13595
13598
13601
13602
13608
13609
13610
13612
13613
13615
13616
13617
13619
13623
13627
13629
13633
13634
13636
13638
13645
13646
13653
13656
13657
13662
13667
13674
13676
13681
13682
13688
13689
13691
13693
13694
13699
13701
13708
13712
13716
13724
13729
13730
13731
13733
13736
13737
13738
13739
13742
13743
13750
13751
13758
13759
13760
13767
13769
13774
13779
13790
13794
13795
13796
13797
13798
13799
13800
13803
13806
13808
13811
13812
13814
13815
13817
13818
13821
13822
13825
13829
13830
13832
13835
13838
13839
13840
13843
13844
13848
13849
13850
13853
13854
13855
13862
13863
13866
13869
13876
13878
13879
13883
13885
13887
13890
13891
13893
13901
13903
13908
13912
13914
13917
13919
13923
13924
13926
13930
13931
13933
13934
13935
13936
13939
13941
13943
13948
13950
13956
13959
13963
13964
13968
13970
13971
13975
13980
13987
13990
13991
13992
13995
14006
14008
14011
14014
14016
14017
14022
14023
14026
14027
14031
14032
14033
14036
14041
14044
14049
14052
14055
14056
14062
14068
14072
14075
14079
14080
14082
14085
14088
14095
14098
14100
14101
14105
14108
14110
14112
14116
14120
14121
14123
14130
14134
14136
14138
14142
14146
14149
14151
14156
14157
14158
14162
14163
14164
14165
14168
14173
14175
14181
14182
14183
14186
14193
14199
14200
14207
14208
14209
14212
14213
14214
14215
14218
14220
14221
14224
14226
14230
14231
14232
14234
14236
14244
14247
14252
14253
14256
14260
14263
14268
14269
14271
14273
14275
14276
14277
14278
14283
14286
14287
14290
14291
14294
14295
14303
14304
14306
14307
14309
14311
14312
14313
14314
14316
14321
14322
14324
14326
14327
14329
14330
14332
14333
14335
14337
14342
14344
14346
14350
14352
14355
14358
14363
14370
14373
14376
14378
14381
14382
14386
14387
14389
14390
14401
14403
14404
14406
14408
14412
14413
14417
14421
14426
14427
14428
14429
14434
14435
14439
14441
14443
14444
14445
14448
14450
14452
14454
14456
14458
14460
14462
14465
14466
14467
14468
14471
14472
14474
14480
14488
14494
14499
14500
14503
14505
14508
14511
14516
14523
14524
14527
14528
14533
14539
14540
14543
14545
14547
14549
14551
14552
14553
14556
14559
14560
14563
14564
14566
14570
14571
14572
14573
14578
14580
14581
14582
14583
14586
14589
14594
14595
14601
14602
14604
14606
14610
14613
14616
14620
14624
14629
14631
14632
14634
14636
14640
14641
14642
14648
14649
14654
14655
14660
14662
14663
14664
14665
14673
14675
14676
14677
14679
14681
14682
14685
14688
14689
14690
14695
14697
14699
14700
14703
14705
14708
14710
14711
14714
14715
14717
14718
14719
14720
14722
14724
14729
14733
14736
14738
14743
14746
14748
14749
14751
14752
14756
14758
14765
14766
14767
14768
14769
14770
14771
14782
14783
14784
14786
14791
14798
14803
14804
14806
14810
14812
14813
14814
14817
14818
14823
14825
14827
14829
14833
14834
14837
14838
14839
14841
14842
14845
14849
14850
14851
14855
14856
14857
14862
14869
14873
14876
14877
14879
14880
14882
14885
14888
14891
14894
14895
14897
14900
14902
14905
14907
14908
14909
14912
14914
14917
14918
14919
14921
14924
14932
14934
14935
14941
14942
14944
14945
14950
14956
14957
14959
14960
14961
14963
14965
14967
14969
14971
14972
14974
14979
14982
14984
14986
14987
14988
14991
14992
14994
14995
14996
14997
14998
15002
15005
15006
15011
15018
15019
15022
15025
15027
15033
15036
15037
15038
15039
15044
15045
15047
15055
15062
15063
15064
15069
15075
15076
15077
15080
15082
15083
15086
15088
15089
15094
15099
15100
15101
15103
15104
15107
15115
15118
15122
15127
15130
15131
15132
15137
15140
15149
15151
15153
15161
15162
15165
15168
15172
15174
15176
15180
15182
15183
15190
15192
15197
15199
15200
15202
15204
15208
15210
15218
15225
15230
15233
15234
15235
15238
15245
15249
15253
15255
15260
15262
15266
15268
15269
15271
15272
15275
15283
15285
15290
15294
15295
15296
15297
15298
15300
15301
15302
15304
15310
15314
15316
15319
15320
15322
15328
15331
15333
15336
15337
15339
15343
15345
15352
15354
15355
15357
15362
15363
15366
15368
15372
15378
15380
15384
15391
15392
15394
15396
15397
15403
15404
15415
15416
15419
15423
15424
15425
15427
15429
15431
15432
15433
15434
15435
15440
15441
15442
15444
15445
15449
15452
15454
15455
15458
15460
15461
15462
15463
15465
15468
15469
15471
15474
15476
15478
15480
15487
15489
15494
15496
15499
15501
15502
15507
15508
15519
15521
15522
15525
15529
15531
15532
15538
15539
15541
15543
15544
15545
15546
15547
15549
15550
15553
15554
15558
15560
15567
15573
15574
15576
15577
15578
15580
15583
15587
15589
15590
15593
15594
15595
15596
15600
15601
15603
15604
15605
15611
15614
15619
15624
15625
15626
15630
15631
15633
15635
15640
15641
15644
15652
15653
15655
15656
15660
15663
15664
15671
15673
15676
15678
15686
15688
15689
15693
15694
15696
15698
15700
15707
15710
15711
15719
15721
15723
15724
15725
15730
15731
15733
15735
15737
15740
15745
15748
15752
15754
15756
15759
15760
15763
15764
15766
15767
15771
15772
15774
15776
15779
15781
15786
15789
15790
15791
15792
15796
15797
15803
15805
15807
15808
15809
15814
15818
15819
15821
15823
15826
15828
15829
15833
15839
15840
15842
15843
15855
15862
15863
15864
15870
15873
15882
15883
15884
15887
15894
15898
15901
15903
15904
15907
15908
15909
15910
15912
15915
15916
15919
15920
15926
15929
15930
15932
15933
15936
15937
15939
15941
15942
15944
15947
15948
15949
15950
15953
15955
15956
15957
15961
15962
15963
15964
15967
15970
15971
15972
15973
15976
15977
15979
15981
15990
15992
16002
16003
16004
16005
16007
16008
16012
16015
16017
16019
16022
16023
16027
16032
16035
16041
16042
16043
16047
16052
16061
16062
16067
16074
16075
16082
16086
16092
16095
16096
16097
16098
16102
16110
16111
16114
16117
16120
16122
16124
16125
16127
16131
16134
16135
16136
16139
16140
16143
16146
16147
16150
16151
16152
16153
16160
16161
16164
16166
16170
16174
16175
16176
16177
16178
16180
16185
16186
16194
16198
16200
16202
16203
16209
16210
16215
16219
16221
16223
16224
16225
16226
16227
16228
16230
16231
16235
16236
16237
16239
16241
16242
16243
16245
16247
16248
16249
16251
16252
16253
16255
16256
16258
16261
16262
16263
16264
16266
16268
16280
16289
16297
16302
16305
16309
16311
16317
16319
16320
16323
16324
16328
16337
16338
16339
16340
16342
16343
16344
16345
16346
16348
16357
16360
16363
16364
16368
16369
16372
16373
16374
16378
16382
16383
16385
16386
16392
16395
16396
16399
16401
16402
16406
16407
16413
16414
16415
16418
16420
16425
16430
16431
16433
16434
16437
16443
16446
16447
16449
16451
16453
16457
16458
16459
16462
16467
16470
16471
16479
16481
16483
16485
16486
16488
16489
16490
16492
16494
16495
16496
16504
16507
16508
16509
16513
16518
16519
16520
16521
16524
16525
16527
16528
16532
16535
16536
16539
16541
16543
16546
16547
16551
16553
16554
16555
16557
16565
16570
16574
16576
16588
16589
16591
16592
16595
16597
16600
16602
16603
16611
16613
16614
16621
16625
16626
16628
16629
16630
16631
16633
16635
16643
16644
16645
16646
16648
16652
16653
16654
16656
16659
16660
16661
16664
16668
16671
16672
16674
16676
16677
16684
16686
16690
16691
16695
16701
16703
16704
16705
16707
16712
16715
16718
16719
16723
16725
16727
16732
16733
16735
16737
16740
16742
16745
16746
16751
16752
16754
16756
16759
16760
16762
16765
16766
16768
16771
16772
16773
16774
16785
16790
16794
16795
16803
16804
16806
16808
16815
16818
16820
16823
16828
16829
16839
16841
16843
16845
16846
16847
16849
16864
16865
16866
16867
16868
16869
16871
16872
16873
16875
16877
16881
16883
16885
16886
16887
16888
16889
16892
16895
16897
16898
16900
16901
16902
16906
16909
16910
16912
16915
16916
16917
16925
16926
16931
16933
16940
16944
16947
16949
16953
16959
16962
16969
16970
16971
16979
16985
16986
16987
16988
16990
16992
16997
17000
17004
17006
17008
17010
17011
17016
17018
17022
17023
17024
17025
17027
17029
17032
17038
17039
17041
17044
17045
17056
17058
17059
17068
17074
17075
17077
17078
17081
17082
17083
17085
17086
17087
17092
17094
17096
17102
17110
17116
17117
17118
17119
17124
17127
17128
17134
17136
17137
17143
17145
17147
17149
17150
17152
17154
17157
17159
17161
17162
17164
17165
17166
17168
17169
17174
17178
17184
17186
17205
17209
17212
17215
17220
17225
17226
17231
17232
17234
17235
17245
17247
17248
17249
17250
17251
17253
17259
17260
17262
17264
17265
17267
17270
17272
17274
17276
17278
17281
17283
17285
17292
17293
17294
17295
17296
17297
17298
17303
17305
17307
17309
17310
17311
17313
17315
17316
17318
17319
17320
17323
17327
17328
17330
17334
17336
17338
17343
17344
17345
17346
17347
17348
17349
17350
17351
17353
17354
17356
17361
17362
17366
17368
17373
17375
17377
17379
17382
17383
17389
17390
17391
17395
17398
17399
17400
17404
17405
17406
17408
17412
17414
17419
17421
17423
17424
17426
17427
17430
17432
17434
17438
17439
17440
17441
17442
17448
17450
17453
17454
17455
17457
17458
17462
17464
17466
17474
17476
17477
17479
17482
17484
17485
17488
17489
17492
17493
17494
17496
17500
17502
17505
17506
17507
17510
17515
17516
17521
17523
17526
17529
17531
17544
17548
17550
17555
17556
17558
17559
17568
17572
17573
17574
17575
17577
17579
17582
17585
17586
17587
17589
17590
17594
17595
17596
17599
17605
17606
17610
17611
17613
17614
17617
17621
17623
17628
17630
17638
17639
17640
17643
17645
17646
17648
17650
17652
17657
17659
17660
17662
17663
17664
17667
17670
17673
17675
17677
17678
17686
17688
17689
17690
17692
17694
17696
17697
17698
17700
17702
17703
17704
17705
17709
17710
17714
17716
17717
17718
17721
17729
17730
17731
17740
17745
17747
17749
17753
17754
17756
17759
17763
17764
17765
17768
17772
17774
17778
17780
17781
17784
17787
17788
17789
17790
17792
17797
17800
17801
17804
17806
17807
17814
17816
17818
17822
17825
17829
17831
17833
17838
17839
17842
17846
17847
17848
17850
17851
17853
17854
17858
17861
17864
17872
17874
17876
17877
17880
17882
17883
17885
17887
17889
17891
17894
17903
17904
17906
17907
17911
17914
17915
17917
17921
17923
17925
17926
17929
17931
17935
17936
17938
17947
17949
17954
17955
17956
17958
17961
17963
17966
17967
17968
17969
17970
17972
17975
17976
17977
17978
17980
17983
17984
17985
17986
17989
17994
17996
18001
18006
18009
18015
18020
18021
18024
18025
18027
18028
18031
18032
18035
18041
18042
18044
18045
18049
18051
18055
18056
18057
18058
18061
18062
18063
18069
18070
18072
18073
18075
18077
18078
18086
18087
18088
18090
18092
18093
18094
18095
18098
18099
18103
18106
18107
18109
18110
18112
18115
18116
18117
18121
18122
18130
18136
18138
18142
18143
18144
18150
18151
18155
18156
18157
18160
18161
18162
18163
18166
18167
18172
18177
18183
18184
18187
18189
18190
18191
18195
18196
18208
18210
18212
18217
18219
18221
18224
18225
18226
18227
18230
18240
18242
18243
18244
18245
18246
18247
18250
18251
18252
18253
18254
18255
18258
18259
18264
18269
18270
18271
18273
18274
18276
18277
18278
18279
18283
18284
18288
18289
18292
18293
18297
18303
18304
18305
18306
18308
18309
18310
18312
18313
18319
18320
18321
18322
18325
18328
18330
18331
18332
18334
18337
18338
18342
18347
18349
18354
18355
18357
18361
18369
18373
18377
18380
18383
18384
18386
18390
18391
18392
18394
18398
18399
18400
18404
18408
18410
18415
18417
18420
18422
18423
18426
18428
18430
18432
18437
18439
18444
18446
18448
18449
18450
18451
18455
18460
18463
18464
18471
18473
18475
18479
18480
18481
18486
18489
18491
18492
18493
18495
18496
