9
10
16
24
27
29
33
38
44
49
50
53
58
64
65
67
69
72
73
79
81
84
85
86
90
92
94
115
116
117
121
132
133
141
143
150
156
161
170
180
183
188
194
202
208
210
214
215
216
217
220
230
237
239
245
246
248
250
251
258
263
266
276
284
287
292
295
297
299
304
306
321
324
326
330
347
356
357
358
360
361
367
372
379
383
385
387
388
395
403
411
426
430
432
435
437
438
446
454
461
464
467
472
474
475
480
483
485
486
491
492
494
505
508
518
520
527
531
534
535
539
546
552
564
568
569
576
577
578
582
584
588
596
607
610
613
614
621
624
625
627
628
633
638
639
642
645
655
657
659
660
664
671
672
674
685
686
688
689
691
692
705
723
724
726
735
739
751
756
758
761
762
765
766
770
772
778
792
797
798
800
805
807
808
814
821
825
827
829
831
839
840
851
856
857
864
865
869
876
888
889
890
893
896
901
902
904
905
906
910
912
921
929
932
936
938
940
948
957
960
961
967
976
981
991
993
994
997
1001
1006
1032
1038
1044
1045
1052
1055
1060
1068
1071
1079
1080
1082
1090
1092
1094
1096
1103
1106
1110
1116
1118
1119
1121
1123
1124
1129
1131
1133
1134
1144
1151
1153
1156
1157
1165
1167
1168
1170
1177
1178
1181
1182
1188
1190
1191
1192
1193
1195
1196
1213
1224
1231
1244
1245
1252
1257
1261
1265
1272
1274
1275
1279
1284
1292
1293
1300
1301
1305
1306
1307
1312
1323
1324
1329
1330
1341
1345
1348
1356
1357
1364
1389
1396
1399
1400
1404
1405
1406
1408
1418
1419
1422
1424
1429
1437
1439
1451
1452
1459
1461
1463
1472
1480
1490
1495
1496
1498
1504
1507
1508
1521
1526
1528
1535
1543
1545
1546
1557
1563
1564
1567
1574
1582
1592
1597
1598
1602
1603
1605
1614
1617
1620
1623
1625
1626
1627
1629
1632
1635
1636
1639
1642
1643
1647
1650
1654
1661
1662
1665
1668
1670
1677
1680
1681
1682
1685
1686
1687
1691
1701
1702
1706
1717
1719
1728
1740
1742
1744
1749
1754
1766
1772
1775
1784
1792
1799
1800
1801
1804
1806
1808
1809
1812
1819
1822
1823
1827
1833
1841
1843
1844
1846
1853
1856
1857
1864
1866
1870
1877
1880
1883
1885
1888
1890
1894
1902
1905
1906
1912
1915
1921
1930
1932
1933
1944
1956
1959
1960
1969
1972
1976
1980
1985
1986
1989
1991
1994
2003
2004
2013
2018
2019
2021
2024
2028
2029
2035
2037
2041
2047
2053
2054
2057
2060
2074
2075
2077
2083
2084
2089
2094
2108
2109
2121
2122
2129
2130
2131
2138
2139
2141
2148
2150
2151
2156
2160
2166
2173
2174
2178
2180
2181
2186
2187
2189
2193
2195
2197
2200
2201
2211
2215
2216
2217
2220
2224
2227
2236
2237
2241
2245
2246
2253
2254
2255
2263
2265
2270
2272
2273
2274
2280
2282
2287
2289
2291
2295
2296
2297
2300
2303
2307
2310
2314
2317
2319
2323
2324
2326
2331
2333
2345
2351
2353
2354
2355
2358
2359
2361
2362
2365
2368
2374
2375
2380
2387
2392
2401
2403
2409
2412
2416
2418
2420
2432
2436
2442
2447
2454
2455
2461
2462
2464
2471
2474
2475
2484
2491
2492
2494
2502
2504
2509
2516
2522
2530
2531
2537
2539
2541
2542
2545
2557
2564
2568
2571
2572
2576
2577
2586
2592
2594
2597
2599
2601
2602
2606
2607
2631
2633
2635
2642
2644
2645
2647
2653
2655
2657
2665
2668
2674
2681
2684
2685
2686
2690
2693
2697
2699
2706
2713
2717
2718
2719
2721
2725
2737
2739
2743
2746
2753
2759
2761
2766
2780
2784
2789
2790
2793
2795
2796
2797
2806
2807
2813
2817
2832
2835
2842
2843
2844
2863
2870
2871
2892
2895
2897
2901
2903
2905
2908
2909
2910
2918
2921
2929
2933
2938
2939
2949
2950
2951
2957
2958
2965
2968
2971
2973
2976
2978
2979
2981
2985
2994
2996
2997
3000
3005
3006
3007
3008
3013
3016
3017
3022
3030
3037
3050
3053
3059
3061
3062
3071
3072
3076
3077
3078
3080
3081
3082
3083
3090
3095
3099
3103
3104
3108
3109
3110
3112
3113
3116
3119
3120
3126
3127
3138
3139
3149
3158
3163
3170
3173
3177
3178
3180
3183
3184
3189
3209
3211
3216
3218
3221
3222
3224
3228
3229
3231
3237
3240
3243
3247
3248
3251
3253
3254
3259
3264
3269
3270
3274
3278
3281
3284
3287
3292
3297
3298
3304
3308
3310
3311
3314
3315
3317
3331
3336
3339
3340
3341
3344
3345
3346
3353
3358
3359
3361
3363
3366
3367
3368
3373
3379
3380
3381
3383
3391
3393
3396
3398
3408
3409
3410
3412
3413
3420
3424
3427
3432
3434
3439
3444
3445
3446
3450
3452
3454
3455
3456
3457
3465
3470
3476
3477
3489
3495
3496
3502
3504
3505
3512
3515
3517
3519
3528
3534
3535
3539
3540
3545
3548
3566
3570
3577
3578
3584
3588
3592
3595
3596
3600
3607
3614
3616
3619
3626
3627
3630
3640
3641
3659
3673
3678
3680
3685
3690
3694
3698
3700
3702
3705
3706
3709
3713
3732
3734
3738
3740
3742
3744
3745
3747
3748
3752
3759
3762
3765
3770
3772
3774
3778
3779
3781
3784
3787
3790
3794
3798
3800
3805
3806
3813
3818
3819
3821
3828
3829
3834
3835
3838
3839
3840
3841
3843
3844
3847
3854
3856
3857
3859
3860
3869
3874
3886
3889
3897
3899
3903
3904
3905
3912
3914
3917
3918
3929
3934
3946
3948
3951
3954
3955
3958
3966
3967
3969
3971
3977
3985
3992
3994
3999
4000
4002
4011
4018
4019
4020
4021
4022
4025
4028
4029
4042
4044
4053
4057
4060
4070
4071
4074
4076
4080
4091
4094
4101
4104
4107
4115
4130
4131
4135
4139
4142
4144
4146
4158
4161
4167
4169
4175
4182
4185
4186
4188
4195
4207
4208
4209
4212
4217
4218
4230
4232
4235
4238
4239
4243
4245
4247
4249
4254
4257
4259
4263
4271
4272
4273
4279
4288
4291
4292
4293
4295
4299
4301
4302
4305
4306
4309
4311
4315
4317
4318
4321
4323
4324
4325
4326
4335
4337
4347
4349
4353
4354
4358
4364
4370
4378
4381
4383
4385
4386
4388
4389
4393
4396
4401
4404
4414
4421
4430
4432
4437
4438
4439
4443
4446
4448
4452
4454
4457
4462
4465
4467
4473
4482
4485
4486
4492
4500
4510
4517
4519
4522
4526
4529
4533
4536
4538
4541
4552
4565
4577
4579
4589
4598
4609
4611
4616
4617
4619
4625
4626
4630
4632
4635
4642
4644
4649
4650
4652
4660
4661
4671
4672
4682
4683
4690
4694
4700
4702
4707
4708
4712
4718
4720
4721
4722
4723
4724
4731
4745
4753
4762
4764
4765
4767
4774
4775
4778
4806
4809
4811
4813
4821
4824
4825
4826
4828
4832
4838
4848
4849
4851
4856
4857
4862
4867
4869
4873
4879
4880
4884
4886
4887
4890
4895
4902
4911
4912
4932
4935
4936
4942
4943
4948
4952
4957
4959
4960
4961
4962
4967
4971
4972
4974
4986
4998
5005
5015
5020
5021
5022
5023
5025
5027
5032
5033
5048
5049
5054
5055
5056
5058
5073
5074
5078
5080
5091
5093
5095
5098
5101
5102
5106
5115
5119
5121
5131
5133
5136
5140
5142
5147
5148
5158
5164
5166
5171
5175
5176
5180
5188
5196
5197
5199
5203
5209
5215
5216
5217
5218
5221
5223
5226
5232
5233
5237
5243
5244
5249
5250
5257
5262
5268
5283
5287
5291
5292
5297
5299
5300
5301
5307
5308
5310
5312
5315
5324
5326
5327
5331
5332
5336
5337
5338
5341
5347
5351
5355
5360
5367
5370
5375
5377
5378
5379
5381
5384
5394
5406
5410
5412
5414
5422
5431
5433
5434
5435
5436
5439
5442
5445
5448
5452
5455
5462
5474
5476
5478
5480
5496
5498
5502
5503
5504
5508
5512
5513
5514
5525
5528
5531
5533
5534
5538
5539
5543
5545
5548
5552
5555
5556
5557
5560
5561
5562
5573
5575
5579
5581
5583
5584
5593
5596
5597
5598
5599
5604
5609
5614
5615
5619
5623
5625
5634
5636
5643
5645
5652
5656
5677
5699
5705
5709
5712
5713
5721
5722
5723
5725
5739
5741
5746
5750
5754
5756
5759
5760
5763
5764
5771
5774
5783
5790
5791
5807
5813
5814
5815
5819
5827
5833
5835
5836
5845
5846
5850
5858
5859
5860
5871
5873
5878
5883
5886
5888
5889
5904
5906
5907
5909
5918
5919
5926
5937
5938
5945
5951
5952
5961
5963
5969
5971
5972
5975
5976
5979
5985
5987
5993
5994
5997
5998
6000
6003
6004
6007
6018
6019
6024
6025
6029
6032
6034
6035
6038
6041
6045
6053
6056
6057
6061
6065
6066
6068
6070
6086
6089
6093
6094
6096
6101
6103
6111
6115
6118
6119
6129
6131
6133
6137
6143
6144
6148
6150
6155
6169
6173
6175
6176
6181
6182
6184
6189
6190
6195
6196
6200
6203
6210
6213
6216
6217
6218
6234
6242
6246
6249
6251
6253
6267
6276
6277
6285
6286
6293
6298
6301
6302
6305
6306
6308
6316
6319
6324
6333
6335
6336
6337
6354
6355
6356
6357
6363
6370
6371
6374
6377
6378
6379
6382
6384
6387
6390
6393
6394
6395
6402
6406
6407
6416
6417
6421
6426
6431
6432
6438
6446
6449
6450
6451
6459
6462
6478
6479
6487
6490
6493
6495
6499
6512
6514
6517
6518
6520
6522
6523
6529
6531
6532
6535
6538
6539
6540
6542
6545
6547
6549
6551
6565
6566
6574
6583
6599
6601
6603
6611
6616
6618
6620
6621
6623
6629
6635
6640
6642
6646
6649
6650
6653
6654
6657
6658
6660
6662
6664
6670
6674
6675
6676
6678
6680
6682
6687
6691
6693
6695
6703
6709
6711
6721
6722
6728
6735
6744
6745
6754
6755
6761
6764
6769
6770
6772
6775
6777
6778
6779
6784
6787
6788
6792
6797
6800
6801
6809
6810
6813
6815
6817
6818
6824
6825
6830
6832
6833
6841
6842
6843
6847
6850
6852
6857
6869
6876
6878
6881
6884
6886
6888
6893
6899
6902
6903
6908
6911
6913
6920
6925
6932
6933
6935
6937
6945
6946
6949
6950
6963
6964
6965
6968
6972
6974
6975
6976
6977
6978
6994
6999
7000
7002
7011
7013
7022
7023
7026
7030
7035
7042
7047
7048
7055
7058
7059
7060
7064
7065
7076
7077
7082
7088
7092
7094
7112
7113
7114
7118
7119
7121
7125
7126
7147
7148
7156
7162
7164
7165
7181
7182
7184
7188
7191
7192
7208
7214
7237
7238
7240
7254
7262
7263
7266
7268
7269
7277
7283
7285
7293
7297
7301
7302
7303
7304
7307
7310
7314
7317
7320
7323
7328
7330
7335
7340
7343
7344
7355
7358
7361
7366
7367
7370
7392
7393
7402
7405
7420
7423
7424
7427
7431
7437
7442
7445
7450
7451
7455
7456
7461
7463
7469
7470
7472
7474
7487
7498
7504
7508
7510
7511
7512
7514
7516
7522
7523
7525
7528
7531
7532
7537
7538
7545
7549
7553
7555
7557
7558
7559
7561
7562
7563
7577
7582
7583
7585
7586
7588
7593
7595
7597
7599
7600
7603
7610
7611
7614
7617
7634
7641
7645
7650
7652
7654
7658
7659
7662
7667
7668
7670
7674
7677
7681
7682
7689
7690
7691
7692
7704
7706
7709
7711
7712
7716
7722
7730
7733
7738
7748
7750
7753
7754
7755
7757
7759
7762
7763
7764
7768
7771
7772
7773
7780
7783
7784
7786
7791
7793
7802
7803
7806
7808
7809
7813
7816
7820
7824
7825
7828
7834
7845
7850
7856
7860
7867
7870
7882
7885
7886
7887
7891
7895
7906
7912
7920
7932
7933
7934
7938
7943
7950
7955
7980
7989
7992
7993
7997
8000
8004
8005
8009
8010
8017
8022
8023
8029
8034
8035
8041
8048
8052
8053
8054
8057
8060
8061
8062
8075
8077
8079
8080
8084
8085
8086
8087
8091
8098
8100
8102
8103
8111
8112
8115
8117
8120
8128
8139
8141
8151
8152
8156
8158
8160
8180
8188
8191
8193
8195
8198
8199
8201
8204
8211
8216
8218
8223
8224
8225
8230
8234
8239
8242
8244
8247
8249
8253
8254
8255
8257
8258
8259
8282
8283
8290
8292
8294
8296
8298
8302
8306
8317
8324
8329
8341
8342
8345
8347
8348
8360
8363
8364
8366
8369
8372
8373
8376
8377
8381
8383
8391
8392
8394
8397
8404
8408
8418
8436
8437
8438
8439
8445
8448
8449
8457
8467
8469
8470
8475
8478
8483
8491
8496
8497
8501
8508
8512
8520
8521
8525
8528
8532
8534
8535
8536
8546
8552
8554
8557
8558
8561
8562
8564
8569
8571
8572
8573
8582
8584
8585
8589
8592
8594
8598
8610
8611
8612
8613
8615
8616
8618
8620
8622
8623
8626
8627
8633
8638
8640
8645
8654
8655
8666
8673
8679
8686
8689
8692
8694
8703
8704
8708
8710
8711
8721
8724
8726
8728
8733
8736
8738
8741
8749
8750
8752
8755
8760
8762
8768
8773
8784
8785
8791
8799
8802
8803
8805
8811
8814
8822
8823
8824
8826
8827
8828
8841
8844
8856
8861
8865
8867
8878
8883
8890
8899
8901
8917
8920
8929
8930
8938
8940
8942
8943
8946
8949
8955
8960
8963
8967
8971
8978
8980
8984
8992
8996
8998
8999
9001
9006
9008
9013
9014
9015
9022
9023
9027
9028
9033
9035
9036
9039
9041
9044
9045
9051
9052
9060
9061
9068
9069
9078
9082
9091
9092
9097
9102
9112
9117
9121
9122
9124
9125
9130
9132
9134
9137
9140
9142
9143
9146
9148
9149
9150
9151
9154
9155
9156
9166
9168
9175
9177
9180
9185
9189
9205
9213
9214
9218
9221
9222
9228
9233
9235
9237
9238
9243
9249
9254
9256
9259
9261
9264
9271
9277
9285
9287
9290
9293
9299
9309
9311
9312
9318
9327
9343
9348
9349
9350
9351
9356
9358
9362
9370
9371
9374
9378
9381
9385
9390
9393
9403
9410
9416
9429
9431
9433
9435
9441
9443
9447
9456
9458
9459
9460
9462
9471
9478
9482
9483
9489
9491
9494
9496
9497
9500
9502
9505
9506
9516
9520
9524
9532
9535
9537
9538
9539
9552
9554
9556
9557
9567
9570
9573
9590
9597
9600
9604
9617
9623
9624
9625
9627
9634
9637
9650
9654
9657
9660
9661
9668
9670
9678
9680
9682
9685
9690
9694
9697
9706
9710
9714
9715
9717
9737
9739
9753
9754
9757
9760
9761
9770
9773
9774
9775
9777
9778
9781
9789
9794
9797
9801
9802
9803
9807
9810
9813
9819
9822
9827
9835
9847
9854
9856
9858
9865
9867
9873
9877
9883
9885
9886
9899
9925
9931
9933
9935
9943
9944
9949
9951
9953
9955
9960
9971
9977
9979
9986
9988
9989
9991
10000
10004
10008
10010
10012
10017
10019
10024
10026
10027
10029
10030
10032
10039
10040
10043
10047
10048
10053
10057
10058
10061
10067
10070
10085
10089
10091
10097
10098
10103
10104
10106
10110
10115
10121
10122
10126
10130
10136
10140
10141
10144
10149
10155
10159
10161
10165
10167
10175
10182
10187
10194
10199
10208
10210
10215
10218
10221
10223
10225
10227
10234
10237
10242
10248
10249
10250
10252
10254
10255
10258
10261
10263
10267
10268
10269
10270
10272
10273
10277
10280
10281
10287
10294
10299
10304
10306
10312
10317
10318
10322
10325
10334
10342
10358
10360
10367
10369
10375
10382
10385
10386
10399
10419
10420
10422
10424
10432
10434
10436
10437
10439
10447
10449
10453
10454
10460
10463
10469
10470
10473
10475
10481
10484
10486
10489
10494
10495
10499
10504
10505
10509
10512
10517
10519
10530
10531
10532
10534
10535
10542
10543
10547
10549
10550
10557
10560
10567
10573
10575
10578
10583
10605
10608
10609
10614
10616
10620
10621
10625
10628
10633
10635
10641
10643
10644
10645
10650
10653
10658
10659
10668
10670
10675
10680
10689
10690
10693
10705
10706
10709
10712
10716
10720
10721
10729
10732
10733
10737
10741
10742
10746
10749
10756
10757
10758
10759
10762
10780
10786
10788
10791
10792
10797
10810
10814
10823
10825
10828
10831
10836
10837
10841
10843
10844
10847
10850
10856
10858
10860
10864
10866
10870
10871
10874
10875
10879
10884
10892
10893
10895
10898
10900
10902
10905
10917
10920
10924
10925
10926
10928
10934
10935
10938
10939
10942
10945
10946
10947
10952
10954
10957
10958
10963
10965
10967
10984
10990
10994
10998
11004
11006
11009
11010
11012
11013
11016
11017
11023
11024
11026
11030
11032
11036
11041
11045
11050
11057
11060
11067
11068
11075
11078
11086
11088
11091
11097
11104
11106
11107
11111
11112
11114
11126
11129
11132
11142
11143
11150
11165
11166
11168
11171
11174
11179
11181
11188
11191
11192
11193
11196
11197
11211
11227
11228
11229
11236
11241
11243
11247
11249
11254
11255
11256
11259
11260
11263
11265
11267
11273
11275
11280
11285
11286
11289
11298
11300
11304
11306
11308
11316
11318
11322
11323
11328
11334
11340
11349
11351
11354
11361
11362
11363
11365
11368
11369
11376
11377
11381
11385
11389
11391
11403
11405
11406
11410
11412
11413
11415
11422
11426
11427
11435
11439
11441
11442
11444
11445
11447
11453
11463
11466
11471
11472
11474
11476
11479
11483
11484
11488
11489
11490
11493
11497
11498
11503
11505
11511
11515
11520
11526
11530
11534
11535
11539
11545
11548
11564
11565
11567
11568
11575
11578
11579
11581
11582
11584
11590
11593
11594
11599
11600
11601
11602
11610
11613
11616
11624
11628
11629
11636
11653
11654
11665
11672
11681
11685
11698
11699
11705
11706
11713
11717
11719
11724
11725
11727
11732
11747
11750
11756
11759
11766
11774
11786
11804
11805
11806
11807
11808
11811
11813
11830
11834
11836
11837
11844
11845
11850
11855
11857
11862
11863
11866
11868
11871
11874
11884
11885
11886
11889
11890
11892
11895
11896
11899
11902
11904
11906
11915
11916
11917
11923
11931
11934
11938
11942
11945
11949
11952
11955
11962
11964
11967
11968
11970
11975
11976
11979
11980
11993
11998
12004
12006
12007
12008
12009
12011
12016
12019
12025
12026
12033
12034
12037
12042
12045
12047
12054
12057
12059
12061
12066
12069
12073
12079
12110
12113
12116
12120
12122
12123
12131
12135
12137
12150
12158
12162
12170
12173
12174
12176
12177
12178
12180
12183
12185
12186
12193
12194
12195
12197
12204
12206
12208
12210
12211
12214
12220
12225
12227
12229
12233
12235
12248
12251
12253
12258
12260
12266
12267
12268
12270
12276
12277
12281
12284
12288
12289
12290
12291
12297
12314
12315
12319
12324
12327
12330
12336
12338
12339
12341
12344
12346
12350
12351
12352
12353
12356
12357
12359
12360
12361
12363
12367
12368
12374
12375
12379
12384
12386
12387
12388
12393
12394
12398
12403
12408
12414
12420
12421
12422
12424
12425
12432
12441
12448
12452
12458
12464
12473
12477
12480
12487
12490
12491
12499
12502
12505
12510
12511
12516
12525
12532
12534
12537
12541
12542
12544
12545
12568
12570
12571
12573
12582
12597
12608
12617
12618
12620
12621
12628
12629
12630
12631
12644
12647
12654
12656
12665
12667
12677
12678
12683
12686
12688
12698
12699
12700
12706
12709
12710
12716
12719
12720
12727
12728
12732
12737
12741
12748
12749
12753
12758
12761
12764
12770
12773
12775
12776
12781
12792
12795
12798
12809
12814
12817
12818
12820
12822
12823
12824
12826
12830
12832
12834
12841
12844
12856
12863
12867
12868
12872
12876
12880
12882
12884
12888
12898
12903
12905
12914
12915
12922
12923
12929
12948
12951
12955
12956
12957
12965
12973
12980
12988
12993
12995
13002
13003
13006
13008
13020
13029
13030
13031
13037
13043
13046
13051
13052
13053
13054
13055
13058
13060
13061
13063
13065
13066
13072
13074
13076
13084
13091
13096
13097
13103
13104
13111
13112
13118
13124
13129
13138
13139
13141
13145
13150
13156
13165
13166
13167
13169
13172
13173
13180
13182
13183
13190
13194
13195
13200
13201
13209
13212
13226
13234
13240
13241
13243
13245
13246
13254
13257
13262
13266
13269
13274
13280
13288
13295
13297
13302
13304
13306
13320
13325
13327
13332
13333
13339
13340
13342
13355
13356
13361
13369
13370
13371
13378
13382
13384
13389
13390
13393
13395
13411
13418
13422
13423
13430
13432
13436
13438
13442
13444
13445
13448
13455
13456
13458
13460
13461
13466
13467
13468
13477
13488
13490
13494
13497
13504
13505
13509
13513
13516
13522
13523
13525
13526
13527
13528
13534
13536
13538
13539
13541
13544
13548
13554
13558
13559
13567
13574
13576
13578
13583
13590
13596
13600
13602
13604
13611
13612
13613
13628
13629
13635
13636
13642
13643
13645
13647
13648
13651
13652
13655
13659
13662
13666
13669
13677
13681
13683
13686
13712
13715
13717
13719
13728
13730
13732
13734
13736
13744
13756
13757
13763
13765
13770
13772
13779
13785
13792
13795
13800
13803
13810
13816
13822
13827
13828
13831
13832
13834
13839
13842
13849
13850
13853
13857
13859
13864
13868
13871
13872
13875
13876
13890
13892
13896
13900
13906
13910
13917
13918
13923
13924
13931
13933
13938
13939
13942
13947
13949
13951
13954
13956
13963
13964
13968
13970
13972
13975
13980
13981
13983
13990
13995
14011
14012
14018
14025
14028
14029
14030
14031
14036
14038
14040
14049
14051
14057
14064
14068
14074
14080
14081
14085
14086
14092
14094
14095
14105
14112
14114
14115
14118
14119
14123
14124
14131
14132
14134
14138
14141
14148
14149
14152
14155
14156
14162
14164
14165
14171
14186
14189
14192
14193
14195
14198
14199
14201
14208
14212
14215
14232
14236
14237
14239
14243
14245
14248
14258
14261
14262
14264
14265
14268
14269
14275
14276
14283
14286
14287
14288
14291
14299
14300
14309
14311
14312
14317
14319
14325
14327
14329
14337
14339
14342
14343
14347
14349
14354
14355
14358
14359
14369
14371
14372
14375
14376
14379
14381
14391
14396
14398
14400
14403
14406
14411
14421
14427
14429
14430
14438
14441
14446
14449
14450
14458
14459
14462
14476
14477
14483
14487
14496
14503
14504
14507
14508
14512
14518
14520
14521
14528
14530
14543
14545
14547
14549
14554
14562
14566
14576
14577
14587
14593
14596
14598
14602
14604
14608
14609
14610
14614
14616
14618
14622
14624
14631
14638
14639
14654
14659
14663
14665
14668
14677
14680
14684
14693
14707
14709
14711
14713
14715
14717
14721
14729
14734
14735
14736
14737
14740
14747
14751
14755
14757
14761
14763
14765
14781
14785
14791
14794
14796
14801
14809
14810
14811
14815
14816
14821
14824
14826
14838
14839
14845
14848
14850
14852
14856
14857
14875
14878
14882
14883
14896
14907
14912
14917
14919
14924
14936
14941
14942
14945
14946
14947
14948
14960
14962
14970
14973
14982
14983
14990
14993
15004
15016
15017
15023
15025
15029
15035
15037
15043
15045
15046
15047
15051
15052
15058
15059
15062
15066
15075
15076
15077
15090
15092
15093
15094
15095
15096
15098
15100
15104
15105
15111
15115
15117
15119
15121
15131
15136
15141
15143
15146
15149
15151
15159
15168
15169
15170
15180
15182
15188
15194
15202
15212
15219
15227
15242
15243
15245
15250
15252
15264
15266
15268
15275
15287
15288
15291
15295
15297
15300
15304
15309
15314
15315
15326
15329
15331
15336
15337
15341
15346
15355
15362
15369
15377
15381
15385
15392
15394
15399
15408
15413
15415
15416
15422
15424
15439
15442
15450
15452
15456
15457
15458
15459
15463
15468
15473
15475
15487
15488
15491
15493
15494
15499
15504
15505
15506
15511
15522
15531
15538
15552
15554
15565
15566
15567
15568
15572
15573
15574
15580
15581
15586
15590
15592
15594
15598
15605
15611
15614
15619
15625
15640
15643
15644
15652
15654
15655
15657
15660
15662
15668
15670
15671
15678
15682
15686
15697
15713
15714
15715
15717
15729
15730
15731
15735
15737
15738
15740
15753
15756
15758
15762
15765
15770
15772
15773
15776
15778
15779
15780
15785
15787
15789
15790
15795
15801
15804
15815
15818
15820
15827
15830
15831
15832
15834
15837
15838
15839
15846
15855
15857
15873
15874
15884
15888
15889
15890
15892
15895
15902
15904
15912
15917
15922
15923
15934
15935
15937
15940
15941
15942
15947
15948
15951
15953
15954
15957
15958
15959
15961
15963
15964
15978
15979
15982
15985
15990
15993
15995
16003
16008
16010
16014
16022
16023
16025
16028
16030
16036
16037
16039
16042
16044
16045
16048
16051
16058
16063
16064
16067
16070
16080
16081
16082
16083
16084
16101
16102
16104
16107
16109
16112
16114
16117
16119
16125
16128
16140
16142
16151
16157
16158
16161
16171
16174
16178
16180
16184
16185
16186
16188
16204
16206
16207
16210
16211
16223
16224
16229
16230
16232
16234
16235
16238
16240
16241
16243
16244
16246
16256
16257
16269
16271
16274
16279
16280
16281
16287
16293
16297
16302
16311
16314
16316
16320
16323
16328
16330
16331
16339
16340
16341
16343
16348
16358
16359
16366
16370
16371
16376
16377
16378
16385
16389
16392
16397
16400
16403
16404
16409
16411
16418
16425
16435
16445
16451
16453
16464
16468
16472
16476
16478
16492
16494
16496
16502
16503
16515
16519
16524
16529
16530
16534
16546
16550
16556
16557
16560
16567
16575
16577
16583
16584
16585
16587
16593
16596
16597
16600
16606
16610
16611
16613
16619
16624
16625
16634
16635
16637
16638
16639
16642
16643
16650
16651
16652
16655
16659
16661
16666
16674
16678
16685
16686
16696
16698
16701
16706
16707
16713
16718
16720
16725
16726
16730
16732
16735
16740
16742
16744
16750
16751
16754
16758
16759
16765
16767
16769
16777
16779
16790
16793
16795
16796
16803
16812
16815
16817
16821
16831
16834
16835
16844
16846
16851
16853
16874
16888
16891
16892
16898
16903
16906
16908
16915
16923
16928
16930
16937
16939
16947
16953
16960
16966
16967
16972
16975
16976
16977
16978
16980
16981
16986
16992
17002
17008
17022
17023
17025
17027
17031
17034
17036
17040
17043
17047
17053
17055
17059
17060
17065
17068
17071
17085
17092
17100
17103
17105
17112
17117
17119
17122
17123
17124
17128
17130
17133
17140
17141
17142
17144
17146
17148
17152
17155
17157
17158
17159
17160
17162
17171
17176
17182
17186
17192
17193
17196
17199
17202
17205
17208
17214
17216
17218
17227
17232
17241
17250
17252
17256
17261
17263
17265
17273
17281
17289
17291
17292
17298
17299
17303
17306
17309
17313
17319
17320
17326
17331
17336
17338
17348
17351
17354
17356
17358
17360
17364
17365
17367
17372
17375
17395
17398
17403
17413
17420
17423
17429
17438
17440
17448
17452
17454
17458
17459
17460
17464
17466
17467
17469
17484
17489
17493
17494
17498
17504
17509
17514
17516
17517
17522
17523
17528
17531
17532
17533
17536
17537
17540
17542
17545
17546
17547
17548
17551
17552
17553
17557
17558
17565
17566
17583
17587
17590
17594
17601
17607
17612
17615
17623
17626
17629
17636
17637
17642
17643
17653
17659
17663
17664
17665
17667
17671
17677
17678
17681
17683
17685
17688
17694
17698
17703
17705
17711
17717
17720
17723
17730
17733
17741
17750
17753
17754
17755
17757
17759
17763
17764
17766
17777
17778
17780
17781
17799
17800
17801
17803
17806
17808
17810
17811
17814
17823
17826
17828
17848
17849
17853
17861
17862
17868
17870
17871
17872
17874
17877
17882
17883
17889
17891
17900
17911
17916
17917
17923
17929
17930
17937
17938
17942
17948
17952
17954
17957
17960
17973
17974
17977
17978
17980
17983
17985
17989
17992
17994
17998
18001
18002
18005
18007
18011
18012
18018
18025
18030
18031
18032
18034
18037
18039
18043
18045
18050
18055
18057
18059
18061
18063
18064
18065
18070
18083
18085
18088
18092
18095
18097
18098
18104
18110
18112
18117
18120
18130
18134
18136
18140
18150
18152
18154
18155
18157
18162
18164
18165
18178
18179
18180
18184
18188
18196
18202
18203
18218
18219
18226
18230
18239
18244
18248
18253
18255
18261
18271
18273
18276
18281
18284
18285
18286
18292
18304
18305
18307
18308
18314
18322
18324
18325
18355
18358
18359
18361
18363
18375
18377
18391
18392
18398
18405
18408
18409
18411
18414
18418
18422
18429
18430
18437
18442
18446
18448
18453
18457
18459
18468
18469
18473
18477
18478
18479
18481
18488
18489
18490
18493
18495
18496
18508
18510
18512
18514
18525
18527
18530
18535
18536
18543
18544
18545
18548
18551
18552
18554
18556
18560
18561
18563
18567
18568
18573
18580
18581
18583
18584
18588
18590
18593
18600
18603
18604
18605
18609
18611
18612
18614
18615
18617
18622
18626
18629
18631
18633
18639
18641
18642
18650
18651
18656
18658
18660
18663
18667
18674
18677
18680
18687
18688
18691
18692
18696
18698
18700
18701
18702
18706
18708
18709
18710
18713
18714
18718
18721
18722
18725
18732
18733
18738
18740
18744
18768
18774
18778
18780
18782
18785
18787
18793
18802
18819
18824
18833
18839
18846
18853
18854
18859
18862
18863
18864
18867
18868
18879
18885
18886
18891
18894
18895
18904
18910
18917
18924
18925
18926
18927
18933
18936
18938
18948
18950
18953
18956
18958
18959
18967
18976
18979
18982
18993
18994
18995
18997
19002
19003
19004
19006
19007
19008
19015
19021
19022
19030
19038
19045
19053
19054
19064
19065
19077
19080
19082
19088
19090
19091
19093
19100
19113
19120
19121
19124
19130
19132
19136
19138
19145
19148
19149
19155
19162
19170
19173
19180
19182
19183
19185
19193
19196
19197
19199
19203
19214
19215
19217
19221
19222
19225
19236
19238
19241
19242
19245
19246
19247
19252
19253
19263
19269
19270
19272
19275
19276
19279
19280
19282
19288
19289
19290
19294
19299
19302
19303
19304
19308
19310
19311
19315
19322
19325
19329
19335
19336
19340
19348
19362
19363
19365
19368
19369
19375
19383
19386
19392
19393
19400
19401
19404
19410
19412
19415
19416
19420
19427
19436
19440
19446
19447
19450
19455
19460
19461
19464
19470
19472
19476
19482
19487
19490
19493
19498
19502
19503
19505
19507
19508
19509
19511
19513
19519
19520
19525
19528
19531
19532
19539
19540
19541
19542
19544
19550
19552
19557
19562
19564
19572
19574
19577
19578
19587
19591
19594
19597
19607
19608
19609
19610
19612
19613
19615
19619
19624
19630
19631
19635
19644
19646
19647
19649
19651
19652
19655
19656
19658
19661
19662
19679
19683
19685
19687
19696
19702
19703
19706
19709
19712
19716
19733
19740
19744
19745
19747
19751
19758
19763
19781
19786
19791
19805
19810
19815
19818
19826
19830
19832
19835
19836
19837
19840
19842
19844
19845
19846
19851
19852
19854
19856
19859
19863
19867
19869
19872
19873
19874
19875
19883
19887
19892
19894
19903
19909
19912
19913
19916
19920
19931
19933
19935
19937
19942
19947
19949
19952
19954
19959
19961
19965
19970
19975
19976
19978
19980
19985
19989
19990
19993
19996
19999
20008
20013
20015
20016
20020
20021
20023
20024
20039
20042
20046
20047
20050
20055
20060
20061
20065
20066
20082
20083
20088
20092
20095
20102
20103
20107
20111
20114
20125
20131
20132
20134
20137
20142
20149
20152
20154
20156
20158
20160
20161
20165
20169
20170
20176
20181
20182
20190
20191
20195
20201
20202
20204
20205
20207
20212
20220
20222
20223
20243
20246
20252
20254
20255
20256
20257
20266
20282
20283
20287
20288
20290
20291
20294
20295
20297
20302
20308
20313
20314
20315
20316
20321
20324
20328
20331
20332
20336
20337
20346
20355
20356
20368
20370
20371
20378
20379
20383
20391
20396
20400
20402
20405
20407
20411
20412
20424
20426
20431
20450
20459
20460
20461
20462
20464
20465
20470
20473
20476
20480
20481
20483
20490
20493
20498
20503
20505
20509
20515
20517
20534
20542
20544
20548
20550
20551
20553
20555
20561
20567
20569
20571
20572
20576
20578
20588
20598
20599
20601
20606
20608
20612
20615
20616
20619
20624
20629
20633
20636
20642
20645
20648
20655
20662
20666
20668
20677
20679
20688
20694
20695
20701
20702
20705
20706
20707
20713
20714
20726
20728
20731
20733
20734
20740
20751
20753
20757
20761
20765
20770
20773
20775
20780
20783
20784
20799
20803
20805
20810
20813
20815
20817
20818
20819
20833
20836
20841
20847
20848
20852
20854
20858
20866
20869
20873
20875
20877
20879
20882
20891
20905
20908
20909
20910
20916
20919
20920
20922
20927
20929
20939
20943
20950
20951
20954
20955
20959
20962
20963
20968
20972
20973
20982
20987
20992
20994
20996
21000
21004
21005
21018
21029
21031
21033
21034
21037
21043
21045
21046
21048
21049
21050
21053
21057
21058
21063
21069
21070
21071
21078
21083
21086
21089
21101
21103
21104
21107
21110
21119
21137
21144
21146
21157
21158
21160
21165
21170
21175
21180
21181
21187
21193
21194
21199
21205
21207
21215
21219
21240
21245
21249
21250
21252
21255
21257
21259
21263
21265
21266
21278
21287
21289
21300
21304
21307
21313
21319
21328
21331
21345
21346
21349
21350
21352
21353
21358
21360
21364
21366
21368
21369
21370
21374
21382
21386
21393
21400
21403
21410
21415
21419
21422
21425
21426
21428
21431
21442
21448
21450
21455
21462
21470
21471
21477
21481
21486
21497
21499
21504
21506
21507
21509
21512
21513
21514
21516
21518
21522
21523
21526
21529
21532
21546
21548
21552
21556
21561
21562
21570
21571
21574
21582
21588
21605
21617
21618
21619
21620
21622
21625
21628
21629
21638
21640
21642
21643
21646
21648
21655
21657
21660
21683
21685
21686
21688
21690
21691
21692
21695
21699
21705
21706
21712
21713
21715
21718
21719
21724
21727
21730
21732
21733
21736
21737
21744
21752
21757
21765
21767
21771
21775
21776
21778
21780
21796
21818
21819
21821
21826
21830
21832
21839
21844
21845
21846
21852
21853
21854
21856
21864
21865
21866
21867
21869
21879
21882
21886
21891
21894
21899
21902
21903
21915
21920
21935
21937
21940
21945
21948
21949
21952
21954
21958
21959
21962
21964
21965
21967
21980
21981
21983
21987
21988
21998
22003
22004
22006
22015
22020
22022
22023
22031
22033
22036
22038
22043
22046
22051
22053
22056
22061
22062
22069
22070
22071
22076
22090
22092
22093
22094
22095
22098
22101
22102
22103
22105
22110
22116
22119
22129
22139
22146
22148
22156
22158
22168
22172
22174
22177
22181
22182
22183
22187
22193
22196
22197
22201
22209
22214
22216
22223
22225
22228
22229
22236
22237
22246
22260
22263
22266
22269
22272
22274
22276
22279
22281
22282
22294
22295
22300
22303
22312
22319
22322
22330
22333
22334
22346
22356
22369
22370
22371
22377
22379
22389
22399
22400
22404
22405
22410
22412
22416
22417
22418
22423
22428
22433
22440
22447
22448
22450
22464
22465
22467
22469
22470
22473
22476
22477
22480
22483
22488
22492
22495
22496
22499
22501
22503
22505
22506
22510
22520
22522
22525
22527
22539
22544
22551
22558
22564
22565
22566
22574
22577
22594
22599
22600
22607
22608
22610
22616
22618
22621
22622
22625
22628
22630
22633
22635
22636
22641
22643
22651
22656
22661
22662
22664
22665
22667
22669
22675
22677
22680
22683
22688
22689
22691
22697
22698
22701
22702
22704
22705
22706
22708
22710
22712
22716
22724
22725
22731
22740
22746
22749
22751
22755
22756
22758
22761
22762
22765
22767
22769
22787
22788
22790
22795
22800
22806
22809
22810
22813
22817
22824
22825
22827
22831
22837
22839
22840
22841
22843
22844
22845
22846
22848
22854
22855
22858
22859
22865
22872
22874
22875
22884
22886
22889
22890
22896
22904
22905
22906
22907
22909
22911
22913
22930
22934
22935
22936
22938
22948
22951
22953
22963
22968
22969
22972
22973
22974
22975
22987
22991
22992
23002
23007
23024
23033
23036
23043
23044
23049
23053
23060
23072
23080
23082
23083
23088
23090
23098
23103
23104
23113
23114
23115
23117
23127
23128
23129
23132
23137
23138
23139
23140
23155
23156
23159
23161
23177
23178
23182
23184
23195
23201
23204
23205
23209
23211
23212
23216
23217
23218
23221
23224
23228
23236
23237
23241
23242
23244
23247
23248
23263
23266
23271
23272
23275
23277
23281
23282
23291
23296
23298
23299
23300
23305
23306
23308
23316
23317
23318
23319
23322
23325
23326
23329
23331
23332
23334
23343
23349
23352
23361
23364
23372
23380
23381
23385
23386
23389
23398
23403
23407
23415
23418
23421
23422
23423
23424
23425
23430
23433
23439
23441
23442
23443
23452
23459
23460
23463
23469
23471
23477
23489
23492
23494
23497
23501
23504
23505
23506
23509
23510
23520
23532
23534
23539
23546
23550
23555
23558
23560
23564
23565
23566
23571
23577
23593
23597
23598
23606
23612
23614
23617
23627
23628
23636
23643
23646
23652
23657
23659
23660
23663
23664
23667
23669
23672
23674
23675
23677
23682
23692
23693
23700
23715
23724
23731
23732
23743
23749
23759
23763
23767
23774
23781
23784
23785
23786
23788
23790
23807
23810
23818
23823
23824
23827
23831
23834
23835
23836
23844
23847
23848
23857
23862
23864
23866
23867
23874
23885
23890
23896
23899
23901
23903
23905
23916
23917
23918
23921
23927
23930
23934
23936
23942
23949
23950
23953
23959
23966
23968
23972
23973
23976
23988
23990
23992
23997
24000
24001
24004
24010
24012
24014
24015
24019
24026
24041
24048
24050
24057
24058
24059
24067
24071
24072
24074
24075
24081
24086
24088
24090
24095
24096
24099
24106
24111
24113
24115
24116
24122
24123
24126
24135
24137
24146
24155
24156
24165
24168
24172
24174
24177
24189
24190
24205
24213
24219
24222
24229
24230
24232
24234
24235
24246
24250
24256
24257
24260
24262
24264
24267
24273
24280
24285
24304
24307
24308
24320
24338
24341
24343
24346
24350
24356
24359
24365
24367
24374
24376
24377
24380
24382
24384
24386
24390
24396
24398
24406
24415
24419
24425
24431
24442
24444
24446
24455
24474
24484
24489
24492
24493
24507
24510
24514
24515
24518
24519
24522
24524
24525
24526
24529
24532
24534
24535
24540
24541
24543
24546
24550
24551
24558
24559
24567
24573
24580
24581
24585
24591
24597
24599
24600
24607
24622
24625
24636
24641
24644
24647
24652
24659
24664
24665
24666
24669
24670
24673
24675
24684
24686
24690
24697
24701
24706
24708
24710
24712
24723
24724
24726
24728
24731
24732
24737
24741
24748
24750
24766
24776
24779
24781
24782
24783
24785
24789
24791
24792
24794
24795
24802
24805
24807
24808
24816
24817
24823
24824
24826
24831
24836
24844
24845
24849
24857
24864
24866
24867
24871
24875
24877
24891
24893
24898
24902
24907
24918
24922
24923
24924
24928
24933
24934
24935
24940
24941
24942
24944
24946
24954
24960
24963
24964
24972
24973
24980
24996
25003
25004
25005
25010
25014
25018
25019
25029
25030
25037
25041
25043
25055
25062
25063
25066
25069
25071
25072
25078
25083
25084
25085
25086
25089
25091
25099
25110
25112
25113
25114
25118
25119
25126
25127
25128
25130
25133
25151
25154
25162
25170
25175
25178
25179
25194
25201
25203
25212
25213
25218
25220
25225
25230
25232
25234
25236
25245
25253
25257
25262
25271
25273
25280
25287
25290
25291
25294
25295
25307
25310
25314
25315
25323
25336
25345
25348
25349
25352
25362
25366
25371
25374
25380
25385
25386
25388
25394
25395
25397
25402
25404
25407
25408
25413
25417
25425
25428
25430
25436
25439
25440
25441
25444
25460
25468
25471
25474
25476
25477
25490
25504
25507
25510
25519
25523
25528
25546
25555
25559
25560
25563
25566
25569
25570
25571
25575
25576
25579
25580
25583
25584
25594
25596
25598
25601
25604
25605
25607
25609
25612
25615
25620
25621
25622
25623
25629
25631
25634
25638
25639
25653
25656
25657
25660
25666
25676
25677
25678
25683
25687
25690
25692
25694
25695
25698
25700
25703
25706
25707
25708
25711
25712
25713
25717
25721
25726
25731
25737
25745
25746
25750
25753
25755
25762
25768
25770
25771
25777
25778
25787
25789
25799
25804
25807
25808
25811
25814
25824
25826
25828
25830
25847
25851
25855
25859
25862
25871
25873
25876
25878
25883
25885
25886
25888
25889
25891
25894
25902
25906
25908
25910
25919
25931
25935
25936
25942
25949
25954
25963
25965
25966
25969
25978
25982
25987
25996
26003
26004
26006
26009
26016
26018
26019
26020
26029
26030
26033
26034
26039
26040
26044
26050
26057
26062
26065
26066
26068
26073
26081
26082
26085
26086
26094
26099
26117
26118
26124
26125
26129
26130
26131
26139
26147
26152
26159
26161
26165
26171
26173
26182
26183
26187
26192
26196
26201
26202
26204
26207
26208
26216
26220
26228
26235
26237
26239
26244
26247
26250
26251
26254
26258
26261
26265
26268
26273
26276
26289
26293
26294
26295
26300
26301
26312
26324
26328
26331
26332
26333
26334
26342
26347
26349
26351
26354
26356
26358
26363
26365
26366
26389
26399
26409
26410
26415
26416
26433
26439
26442
26448
26465
26473
26474
26475
26479
26483
26484
26485
26487
26493
26494
26498
26504
26505
26514
26516
26520
26521
26522
26523
26534
26535
26536
26538
26540
26560
26562
26563
26564
26575
26576
26582
26591
26595
26596
26598
26602
26604
26605
26606
26610
26613
26624
26629
26633
26635
26637
26638
26641
26647
26653
26655
26657
26659
26662
26665
26672
26673
26674
26677
26693
26694
26700
26704
26712
26713
26714
26715
26721
26725
26726
26729
26732
26734
26739
26740
26741
26742
26745
26747
26748
26752
26753
26757
26758
26767
26768
26777
26793
26801
26805
26806
26810
26814
26815
26818
26819
26829
26830
26832
26842
26854
26855
26861
26869
26871
26878
26880
26884
26885
26886
26895
26899
26905
26907
26910
26925
26930
26932
26933
26940
26942
26945
26946
26947
26953
26955
26961
26969
26971
26975
26978
26979
26981
26984
26985
26998
26999
27000
27006
27013
27015
27020
27034
27039
27041
27049
27061
27064
27066
27072
27073
27081
27087
27088
27093
27095
27106
27107
27108
27110
27114
27117
27119
27122
27123
27135
27142
27147
27148
27153
27154
27156
27160
27170
27172
27177
27180
27185
27186
27187
27188
27194
27195
27198
27199
27227
27228
27230
27234
27242
27243
27248
27255
27256
27266
27275
27282
27300
27309
27316
27323
27327
27328
27335
27336
27338
27347
27353
27362
27368
27369
27375
27382
27383
27384
27393
27397
27402
27404
27405
27408
27410
27411
27412
27416
27435
27440
27452
27467
27469
27476
27478
27481
27483
27492
27498
27505
27513
27515
27516
27522
27523
27531
27532
27537
27544
27546
27547
27551
27552
27570
27580
27583
27592
27595
27607
27615
27621
27623
27627
27630
27644
27647
27649
27655
27656
27660
27666
27671
27677
27687
27695
27705
27709
27712
27714
27716
27727
27729
27730
27744
27758
27762
27766
27774
27778
27780
27782
27785
27790
27791
27795
27801
27802
27805
27807
27816
27817
27826
27830
27837
27838
27846
27850
27853
27854
27856
27858
27861
27864
27865
27870
27871
27878
27880
27881
27883
27884
27887
27888
27890
27902
27916
27927
27931
27933
27934
27935
27937
27942
27946
27949
27951
27954
27955
27958
27961
27967
27968
27971
27978
27983
27986
27989
27992
27994
27995
28001
28002
28005
28006
28007
28015
28021
28022
28024
28026
28034
28037
28043
28046
28047
28048
28051
28054
28055
28062
28064
28066
28069
28076
28077
28078
28082
28084
28085
28088
28090
28100
28101
28103
28104
28111
28121
28122
28123
28125
28131
28132
28136
28140
28146
28152
28159
28163
28173
28181
28182
28183
28185
28193
28194
28201
28205
28210
28213
28214
28220
28222
28223
28226
28248
28250
28254
28258
28265
28269
28271
28274
28275
28278
28283
28284
28295
28300
28303
28305
28320
28324
28326
28329
28330
28332
28337
28342
28343
28345
28348
28349
28354
28358
28362
28363
28368
28371
28372
28373
28377
28379
28380
28382
28385
28387
28396
28399
28400
28402
28413
28420
28421
28422
28432
28433
28434
28435
28445
28454
28460
28462
28464
28466
28468
28469
28475
28477
28485
28500
28504
28506
28515
28519
28520
28525
28527
28532
28541
28553
28559
28563
28564
28566
28576
28579
28587
28588
28599
28604
28609
28610
28614
28618
28628
28629
28630
28631
28635
28636
28637
28645
28646
28650
28651
28656
28657
28661
28663
28666
28669
28672
28678
28682
28684
28687
28688
28689
28692
28694
28697
28699
28701
28705
28706
28715
28719
28721
28722
28724
28726
28727
28732
28733
28738
28741
28744
28745
28747
28749
28751
28754
28762
28767
28778
28780
28781
28791
28794
28797
28798
28799
28801
28802
28803
28808
28811
28817
28818
28828
28834
28835
28844
28845
28846
28847
28850
28862
28864
28869
28873
28878
28879
28880
28882
28884
28886
28888
28889
28892
28893
28894
28905
28910
28911
28912
28914
28917
28923
28926
28927
28933
28939
28945
28951
28958
28959
28960
28961
28963
28966
28967
28970
28977
28980
28981
28982
28991
28994
29000
29005
29010
29012
29014
29018
29019
29026
29035
29038
29043
29051
29052
29053
29056
29059
29064
29070
29071
29077
29078
29082
29097
29100
29104
29105
29106
29114
29115
29117
29118
29125
29129
29135
29139
29151
29155
29156
29159
29160
29161
29162
29165
29172
29174
29176
29183
29185
29198
29203
29207
29209
29224
29226
29228
29230
29234
29236
29240
29243
29244
29252
29257
29262
29267
29272
29274
29285
29288
29294
29295
29297
29298
29306
29309
29318
29323
29328
29329
29339
29340
29347
29353
29357
29364
29365
29366
29369
29373
29377
29378
29379
29387
29399
29405
29406
29417
29423
29425
29426
29427
29428
29431
29434
29445
29450
29454
29455
29457
29467
29469
29471
29481
29482
29484
29487
29488
29491
29492
29497
29498
29500
29502
29504
29506
29507
29514
29516
29533
29542
29545
29548
29553
29557
29562
29564
29568
29569
29570
29578
29588
29592
29594
29598
29599
29604
29609
29614
29617
29620
29621
29625
29626
29628
29634
29636
29637
29638
29643
29645
29646
29652
29655
29664
29665
29668
29669
29670
29673
29674
29685
29691
29694
29700
29702
29703
29707
29710
29711
29715
29720
29723
29726
29732
29736
29737
29739
29745
29748
29749
29754
29763
29765
29770
29783
29785
29787
29800
29809
29816
29822
29825
29834
29835
29836
29837
29841
29843
29844
29848
29849
29854
29857
29858
29863
29870
29881
29882
29883
29885
29886
29889
29892
29895
29897
29898
29899
29902
29907
29921
29922
29925
29926
29932
29933
29937
29938
29944
29945
29949
29950
29962
29965
29966
29967
29968
29975
29978
29982
29985
29995
30006
30010
30012
30020
30022
30023
30030
30035
30037
30039
30045
30052
30059
30070
30074
30077
30078
30079
30080
30084
30087
30093
30106
30107
30111
30112
30113
30114
30115
30118
30119
30120
30128
30132
30134
30135
30136
30137
30139
30154
30156
30163
30167
30173
30174
30177
30180
30181
30194
30201
30207
30210
30211
30215
30218
30219
30221
30223
30224
30226
30228
30234
30246
30254
30259
30266
30267
30277
30278
30281
30282
30285
30287
30298
30301
30304
30310
30312
30316
30327
30329
30330
30331
30340
30348
30355
30358
30363
30367
30372
30374
30376
30379
30380
30392
30396
30400
30402
30403
30406
30412
30417
30420
30424
30428
30432
30433
30434
30441
30447
30449
30453
30460
30466
30469
30474
30478
30482
30494
30496
30499
30505
30513
30514
30516
30517
30538
30541
30543
30556
30557
30558
30559
30564
30569
30572
30577
30583
30584
30588
30595
30600
30602
30609
30611
30612
30620
30621
30623
30627
30628
30630
30633
30634
30636
30639
30642
30644
30645
30647
30651
30657
30658
30665
30666
30667
30673
30675
30680
30682
30692
30694
30702
30704
30713
30721
30723
30725
30727
30734
30735
30745
30749
30754
30756
30757
30774
30775
30776
30783
30784
30785
30787
30790
30792
30793
30796
30799
30802
30807
30808
30813
30815
30818
30820
30821
30830
30832
30845
30851
30867
30868
30869
30870
30871
30874
30877
30879
30881
30882
30888
30896
30904
30908
30912
30916
30918
30923
30925
30929
30931
30935
30940
30958
30963
30965
30974
30976
30978
30982
30985
30987
30992
30993
30994
30996
30998
31010
31024
31025
31030
31033
31035
31037
31038
31039
31040
31042
31043
31049
31050
31052
31054
31055
31058
31062
31063
31072
31077
31083
31091
31093
31096
31097
31107
31117
31118
31122
31123
31135
31141
31145
31148
31149
31153
31154
31155
31156
31164
31166
31172
31181
31184
31185
31186
31193
31196
31198
31201
31203
31204
31205
31206
31210
31215
31218
31223
31225
31226
31227
31231
31240
31241
31248
31251
31254
31262
31265
31266
31269
31277
31284
31289
31293
31300
31302
31303
31312
31314
31315
31317
31321
31323
31329
31330
31356
31358
31361
31369
31370
31371
31385
31387
31393
31409
31410
31429
31437
31443
31446
31449
31455
31458
31459
31463
31465
31475
31478
31481
31489
31491
31492
31496
31499
31501
31512
31518
31520
31522
31531
31534
31539
31541
31543
31545
31549
31551
31553
31557
31561
31563
31568
31571
31590
31594
31596
31598
31600
31602
31604
31608
31613
31614
31628
31631
31633
31639
31646
31648
31652
31656
31660
31663
31669
31670
31675
31681
31705
31712
31718
31720
31729
31732
31734
31737
31739
31742
31745
31746
31750
31754
31757
31758
31761
31766
31767
31769
31785
31787
31788
31790
31791
31793
31795
31797
31800
31822
31824
31826
31830
31836
31842
31843
31848
31855
31856
31857
31863
31865
31869
31870
31871
31878
31885
31889
31917
31933
31935
31942
31945
31946
31954
31958
31961
31962
31963
31965
31971
31974
31975
31976
31978
31980
31982
31983
31989
31992
31994
31996
31997
31998
32002
32007
32008
32015
32027
32041
32046
32049
32051
32054
32055
32061
32072
32073
32076
32083
32085
32091
32094
32096
32097
32098
32099
32101
32107
32108
32109
32110
32112
32123
32126
32130
32131
32132
32133
32134
32137
32147
32151
32153
32167
32177
32178
32179
32180
32189
32190
32198
32204
32205
32208
32211
32220
32225
32227
32236
32243
32245
32246
32247
32249
32250
32251
32252
32267
32275
32282
32284
32287
32291
32292
32294
32295
32298
32304
32307
32309
32313
32314
32322
32326
32328
32332
32333
32335
32338
32339
32340
32343
32345
32347
32350
32351
32353
32361
32369
32371
32372
32376
32386
32400
32405
32409
32410
32411
32412
32414
32416
32418
32420
32424
32426
32428
32429
32430
32431
32432
32433
32434
32439
32440
32442
32448
32452
32458
32465
32467
32470
32472
32478
32483
32487
32490
32491
32493
32517
32533
32536
32540
32543
32551
32553
32555
32557
32562
32573
32574
32576
32578
32587
32594
32601
32603
32604
32613
32616
32619
32622
32623
32624
32625
32631
32640
32641
32662
32672
32673
32677
32689
32691
32692
32693
32698
32699
32706
32711
32712
32713
32714
32716
32717
32718
32721
32722
32723
32724
32730
32734
32741
32742
32748
32752
32755
32760
32768
32772
32777
32782
32783
32785
32788
32791
32795
32799
32801
32803
32805
32810
32812
32819
32823
32825
32827
32830
32848
32849
32851
32857
32867
32869
32874
32875
32876
32880
32881
32884
32888
32889
32892
32894
32896
32897
32898
32899
32902
32903
32920
32922
32925
32928
32938
32941
32943
32949
32952
32956
32961
32965
32969
32978
32979
32985
32989
32998
33011
33018
33021
33022
33026
33028
33035
33048
33056
33057
33061
33063
33064
33065
33077
33083
33094
33097
33106
33118
33119
33120
33130
33132
33136
33139
33141
33145
33147
33153
33155
33173
33184
33190
33192
33198
33199
33207
33215
33218
33220
33224
33225
33227
33228
33233
33237
33239
33240
33246
33249
33253
33265
33280
33286
33288
33289
33292
33293
33294
33297
33300
33302
33303
33304
33309
33319
33320
33324
33335
33340
33344
33346
33347
33349
33357
33372
33374
33378
33381
33382
33385
33388
33393
33397
33404
33408
33417
33420
33425
33437
33438
33445
33446
33469
33470
33473
33478
33479
33482
33488
33499
33501
33504
33507
33514
33523
33527
33531
33532
33533
33543
33552
33554
33555
33557
33574
33577
33579
33580
33585
33588
33592
33593
33598
33600
33604
33605
33611
33613
33615
33620
33621
33633
33635
33636
33649
33656
33658
33665
33670
33674
33688
33693
33695
33703
33706
33709
33718
33721
33722
33726
33727
33729
33735
33739
33745
33748
33749
33753
33754
33760
33764
33766
33767
33770
33775
33785
33786
33798
33799
33807
33809
33814
33816
33821
33825
33829
33833
33836
33854
33855
33857
33858
33859
33860
33868
33874
33875
33877
33881
33882
33886
33892
33898
33899
33902
33903
33906
33910
33913
33914
33917
33921
33929
33931
33936
33937
33948
33952
33954
33957
33967
33973
33975
33977
33981
33988
33989
33992
33994
33996
33997
33998
33999
34008
34018
34021
34027
34030
34031
34032
34043
34044
34047
34049
34051
34053
34057
34065
34072
34074
34078
34080
34082
34084
34087
34089
34090
34093
34094
34096
34100
34102
34104
34107
34115
34120
34127
34132
34136
34139
34146
34148
34149
34151
34153
34154
34156
34159
34161
34162
34163
34167
34173
34174
34175
34177
34178
34183
34185
34188
34189
34190
34191
34192
34194
34198
34202
34205
34206
34208
34211
34214
34216
34228
34231
34238
34243
34262
34263
34270
34274
34275
34281
34282
34283
34289
34296
34307
34312
34316
34321
34324
34327
34332
34333
34334
34342
34343
34348
34356
34362
34365
34367
34371
34373
34384
34388
34390
34391
34392
34397
34398
34399
34402
34404
34405
34415
34421
34426
34429
34431
34432
34433
34436
34438
34442
34446
34447
34449
34464
34467
34468
34472
34477
34483
34487
34491
34492
34495
34496
34498
34503
34504
34508
34511
34514
34515
34521
34522
34524
34528
34534
34537
34545
34548
34549
34555
34566
34570
34577
34588
34594
34597
34608
34619
34624
34625
34631
34632
34633
34634
34636
34650
34653
34655
34658
34670
34677
34689
34692
34696
34703
34711
34713
34721
34722
34727
34734
34736
34737
34738
34739
34741
34742
34749
34760
34766
34767
34772
34777
34779
34795
34803
34809
34812
34827
34828
34835
34839
34840
34852
34856
34857
34858
34862
34863
34869
34872
34884
34891
34896
34903
34904
34905
34913
34914
34915
34917
34920
34930
34937
34953
34964
34965
34973
34977
34983
34984
34989
34991
34993
35004
35009
35011
35020
35023
35028
35029
35030
35037
35044
35046
35049
35051
35052
35053
35062
35064
35066
35067
35070
35073
35085
35090
35093
35096
35099
35101
35107
35110
35111
35123
35124
35127
35130
35131
35134
35136
35139
35145
35150
35151
35153
35154
35159
35163
35165
35169
35172
35179
35185
35187
35192
35201
35206
35210
35213
35222
35225
35237
35238
35239
35247
35252
35253
35262
35263
35267
35268
35273
35274
35276
35284
35289
35295
35300
35301
35306
35311
35313
35315
35317
35321
35325
35328
35329
35330
35331
35333
35338
35343
35344
35346
35352
35358
35362
35363
35372
35374
35377
35379
35381
35387
35388
35389
35390
35395
35396
35397
35398
35399
35401
35402
35403
35404
35409
35413
35418
35425
35431
35437
35438
35440
35441
35442
35443
35452
35463
35464
35465
35466
35469
35470
35474
35489
35494
35503
35505
35507
35508
35510
35513
35516
35518
35524
35529
35531
35536
35540
35541
35544
35545
35549
35551
35558
35561
35576
35585
35603
35604
35616
35617
35618
35619
35620
35624
35634
35636
35639
35644
35653
35654
35655
35656
35657
35661
35662
35663
35664
35666
35668
35669
35673
35679
35683
35687
35689
35692
35708
35709
35710
35711
35712
35723
35724
35725
35727
35728
35730
35731
35733
35738
35739
35749
35751
35753
35758
35768
35776
35777
35784
35785
35787
35789
35791
35800
35808
35814
35818
35820
35822
35824
35826
35833
35834
35835
35836
35843
35847
35850
35856
35862
35865
35868
35873
35874
35880
35882
35891
35892
35902
35905
35909
35911
35915
35916
35920
35924
35925
35927
35932
35937
35941
35942
35943
35944
35945
35946
35962
35965
35972
35977
35980
35986
35987
35988
35991
35993
35994
35995
35997
35999
36000
36010
36017
36027
36030
36031
36032
36035
36041
36045
36046
36048
36049
36050
36057
36059
36066
36067
36068
36073
36076
36078
36083
36092
36098
36104
36106
36107
36113
36120
36122
36134
36136
36149
36154
36156
36167
36170
36172
36177
36181
36182
36200
36204
36212
36213
36218
36236
36238
36244
36245
36247
36251
36259
36264
36266
36267
36274
36281
36287
36297
36299
36302
36314
36322
36326
36330
36331
36337
36340
36343
36346
36347
36361
36364
36366
36371
36374
36378
36381
36383
36394
36400
36406
36417
36425
36432
36435
36437
36438
36440
36451
36463
36464
36466
36469
36474
36478
36483
36485
36487
36488
36489
36495
36497
36508
36511
36512
36518
36520
36533
36534
36539
36549
36552
36553
36554
36558
36561
36569
36576
36578
36589
36596
36601
36603
36605
36611
36612
36616
36618
36621
36623
36633
36635
36636
36637
36638
36641
36647
36654
36659
36660
36661
36662
36666
36669
36672
36676
36679
36691
36703
36705
36706
36707
36714
36719
36722
36723
36728
36730
36732
36733
36756
36758
36762
36763
36768
36779
36782
36783
36785
36788
36790
36792
36795
36805
36807
36808
36811
36814
36818
36822
36825
36831
36834
36841
36843
36847
36852
36858
36860
36861
36864
36869
36871
36875
36876
36879
36881
36885
36887
36896
36898
36900
36903
36905
36908
36913
36918
36921
36924
36929
36932
36945
36953
36956
36957
36965
36966
36967
36969
36972
36973
36975
36981
36982
36994
