4
8
9
10
24
27
33
38
39
44
46
49
50
53
60
65
67
69
72
73
79
85
86
90
92
94
102
115
116
117
121
133
139
141
143
150
156
161
170
180
183
186
188
194
196
202
208
210
214
215
217
220
222
225
230
233
237
239
246
247
248
250
251
252
258
263
264
266
270
276
284
287
292
295
297
299
306
311
321
324
326
330
347
356
357
358
360
366
372
379
383
385
386
387
395
403
410
426
429
430
432
435
437
438
446
454
461
464
467
472
480
481
483
485
486
491
492
494
505
508
518
522
524
528
531
534
535
539
546
552
561
568
569
573
576
577
578
582
584
588
607
609
610
613
621
624
625
627
628
638
639
642
643
645
650
655
659
660
664
666
671
672
674
685
689
691
692
695
703
705
723
724
726
730
735
736
739
751
753
756
758
762
766
770
771
792
794
797
800
805
807
808
814
821
825
827
829
831
835
840
851
856
857
858
860
863
864
869
872
876
888
889
893
896
901
902
904
905
906
907
910
912
921
923
929
932
934
936
938
939
940
948
955
957
960
967
976
988
991
993
994
997
1001
1006
1018
1032
1038
1044
1045
1052
1053
1055
1068
1071
1075
1079
1080
1082
1083
1090
1096
1103
1106
1110
1118
1121
1123
1124
1129
1131
1133
1134
1137
1144
1151
1153
1157
1165
1167
1168
1177
1181
1182
1188
1190
1192
1193
1195
1196
1211
1213
1224
1231
1242
1244
1245
1252
1257
1261
1272
1274
1275
1279
1287
1289
1292
1293
1300
1301
1305
1306
1307
1312
1323
1324
1329
1330
1335
1341
1345
1348
1352
1356
1357
1364
1365
1371
1389
1390
1396
1399
1400
1404
1405
1406
1408
1419
1424
1429
1437
1439
1451
1459
1461
1463
1470
1472
1480
1490
1495
1496
1504
1507
1508
1509
1517
1525
1526
1528
1535
1542
1543
1545
1549
1557
1563
1567
1574
1575
1582
1592
1597
1602
1605
1617
1620
1621
1623
1625
1626
1627
1635
1636
1639
1642
1643
1647
1650
1654
1661
1662
1668
1670
1677
1678
1680
1681
1682
1685
1686
1687
1691
1701
1702
1706
1709
1710
1715
1717
1719
1728
1740
1742
1744
1747
1749
1754
1766
1772
1774
1775
1784
1790
1792
1799
1800
1801
1804
1806
1809
1812
1822
1827
1833
1841
1843
1844
1846
1853
1856
1857
1863
1864
1870
1877
1883
1885
1886
1889
1890
1902
1905
1906
1912
1915
1921
1930
1933
1934
1942
1944
1956
1960
1969
1972
1976
1980
1985
1986
1989
1991
1994
2003
2004
2013
2017
2018
2019
2021
2024
2025
2028
2029
2035
2037
2041
2047
2053
2054
2057
2060
2075
2083
2084
2089
2094
2103
2108
2109
2121
2122
2129
2130
2138
2139
2150
2151
2156
2160
2166
2173
2174
2178
2180
2181
2186
2187
2189
2193
2195
2197
2200
2208
2211
2215
2220
2224
2227
2237
2241
2247
2253
2254
2255
2263
2265
2270
2272
2273
2274
2280
2282
2287
2289
2291
2295
2296
2297
2300
2303
2307
2317
2319
2321
2324
2326
2331
2345
2351
2353
2355
2358
2359
2361
2362
2365
2366
2368
2374
2375
2380
2382
2387
2392
2396
2398
2400
2406
2409
2415
2419
2420
2432
2436
2442
2454
2455
2461
2462
2471
2475
2476
2484
2491
2492
2494
2497
2502
2509
2515
2522
2530
2531
2537
2539
2541
2542
2561
2564
2568
2571
2572
2576
2586
2588
2592
2594
2597
2599
2606
2607
2631
2633
2638
2642
2644
2645
2647
2653
2657
2659
2665
2674
2679
2681
2684
2685
2686
2687
2693
2697
2699
2706
2712
2713
2715
2717
2718
2719
2721
2725
2736
2737
2739
2743
2746
2753
2759
2761
2766
2772
2776
2780
2784
2789
2790
2793
2796
2797
2813
2817
2831
2832
2835
2842
2843
2844
2863
2869
2870
2878
2885
2892
2895
2896
2897
2901
2903
2905
2907
2908
2909
2910
2921
2929
2933
2938
2939
2947
2949
2950
2951
2957
2958
2965
2967
2969
2971
2973
2976
2978
2981
2985
2994
2996
2997
3005
3006
3007
3008
3011
3013
3016
3017
3022
3030
3033
3037
3045
3050
3053
3059
3062
3071
3072
3074
3076
3077
3078
3080
3081
3082
3083
3090
3095
3099
3103
3104
3108
3109
3110
3112
3116
3119
3123
3127
3135
3138
3139
3146
3149
3157
3158
3163
3170
3171
3173
3178
3180
3183
3184
3189
3198
3209
3211
3216
3218
3221
3222
3224
3228
3229
3231
3237
3240
3243
3248
3251
3253
3254
3259
3263
3264
3269
3270
3278
3281
3287
3292
3297
3304
3310
3311
3314
3315
3317
3323
3331
3336
3338
3339
3340
3341
3344
3345
3346
3351
3358
3359
3363
3366
3367
3368
3373
3379
3380
3381
3383
3391
3393
3398
3408
3409
3410
3412
3419
3420
3424
3427
3432
3434
3435
3439
3441
3444
3446
3450
3454
3455
3456
3457
3465
3470
3476
3477
3489
3495
3496
3502
3504
3505
3511
3512
3515
3517
3519
3528
3531
3534
3535
3539
3543
3545
3546
3548
3550
3570
3577
3578
3584
3588
3595
3596
3600
3614
3616
3619
3620
3626
3627
3630
3640
3641
3642
3649
3653
3659
3662
3665
3666
3675
3678
3680
3685
3689
3690
3694
3698
3700
3702
3705
3706
3709
3713
3732
3734
3738
3742
3744
3745
3747
3748
3752
3754
3759
3765
3770
3771
3772
3774
3775
3778
3779
3781
3784
3790
3794
3798
3800
3805
3806
3813
3818
3819
3821
3828
3829
3832
3834
3838
3839
3840
3841
3843
3847
3854
3857
3859
3860
3869
3874
3886
3889
3897
3899
3901
3903
3904
3905
3908
3909
3912
3914
3917
3918
3928
3929
3946
3951
3954
3955
3963
3966
3967
3969
3971
3977
3992
3994
3999
4000
4002
4011
4013
4018
4019
4020
4021
4022
4025
4028
4029
4042
4044
4053
4057
4060
4070
4071
4074
4076
4080
4091
4094
4101
4104
4112
4115
4130
4135
4137
4139
4144
4158
4160
4167
4169
4170
4182
4185
4186
4188
4195
4201
4207
4209
4212
4215
4218
4230
4232
4235
4238
4239
4243
4245
4247
4249
4254
4257
4259
4263
4271
4272
4273
4279
4288
4291
4292
4293
4295
4299
4301
4302
4303
4304
4306
4309
4311
4315
4317
4318
4321
4323
4324
4325
4326
4335
4337
4347
4353
4354
4356
4358
4364
4370
4373
4378
4381
4383
4386
4387
4388
4389
4393
4396
4401
4404
4408
4409
4421
4430
4432
4437
4438
4439
4443
4446
4448
4452
4454
4457
4462
4463
4465
4467
4473
4482
4485
4486
4492
4500
4510
4517
4519
4522
4523
4526
4529
4533
4536
4538
4541
4549
4577
4579
4589
4596
4598
4609
4611
4616
4625
4626
4630
4632
4634
4635
4640
4642
4652
4660
4661
4664
4669
4671
4672
4682
4690
4693
4694
4700
4702
4707
4708
4712
4718
4721
4722
4723
4735
4745
4753
4760
4762
4764
4765
4767
4774
4775
4778
4806
4809
4811
4821
4824
4825
4826
4828
4832
4848
4849
4856
4857
4862
4867
4873
4880
4884
4886
4887
4889
4895
4911
4912
4932
4935
4936
4942
4943
4948
4952
4957
4959
4960
4961
4962
4967
4971
4974
4975
4986
4990
4998
5005
5009
5015
5020
5021
5022
5023
5025
5027
5033
5038
5048
5049
5054
5055
5056
5058
5060
5073
5074
5078
5080
5081
5091
5093
5095
5098
5101
5106
5115
5119
5121
5131
5133
5136
5140
5142
5147
5148
5158
5164
5166
5171
5173
5175
5176
5180
5188
5196
5199
5203
5209
5215
5218
5226
5232
5233
5237
5243
5244
5249
5250
5257
5262
5268
5280
5283
5287
5291
5292
5294
5297
5299
5300
5307
5312
5315
5324
5326
5327
5330
5331
5332
5336
5337
5338
5341
5347
5351
5355
5360
5367
5370
5375
5377
5378
5379
5380
5381
5384
5394
5400
5403
5406
5410
5414
5431
5433
5434
5435
5436
5439
5442
5445
5452
5462
5474
5475
5476
5478
5480
5498
5502
5503
5504
5508
5512
5513
5514
5525
5528
5531
5533
5534
5538
5539
5545
5548
5550
5551
5552
5556
5557
5560
5561
5562
5573
5575
5579
5581
5583
5584
5596
5597
5599
5604
5608
5613
5614
5615
5619
5623
5625
5634
5636
5638
5643
5652
5656
5657
5699
5705
5709
5712
5713
5721
5723
5725
5739
5741
5750
5754
5756
5760
5763
5764
5771
5774
5783
5790
5791
5804
5807
5813
5814
5815
5819
5827
5833
5835
5846
5850
5858
5859
5860
5864
5871
5873
5878
5883
5886
5888
5889
5902
5904
5906
5907
5909
5917
5919
5937
5945
5951
5952
5961
5963
5969
5971
5972
5975
5977
5979
5985
5987
5993
5994
5997
5998
6000
6003
6007
6012
6018
6024
6025
6029
6030
6032
6035
6038
6041
6053
6056
6057
6061
6063
6065
6066
6068
6070
6086
6089
6092
6093
6094
6096
6101
6103
6111
6115
6118
6119
6129
6131
6133
6137
6142
6143
6144
6148
6150
6155
6169
6173
6175
6176
6177
6181
6184
6189
6190
6195
6196
6200
6203
6205
6210
6213
6216
6217
6218
6223
6227
6234
6242
6243
6246
6249
6251
6253
6267
6277
6285
6286
6293
6298
6301
6302
6305
6306
6308
6316
6324
6333
6335
6336
6355
6356
6357
6363
6369
6370
6371
6377
6378
6379
6382
6384
6387
6390
6393
6395
6402
6406
6415
6417
6421
6431
6432
6446
6449
6450
6451
6462
6478
6481
6487
6490
6492
6495
6499
6512
6514
6517
6518
6520
6522
6523
6525
6531
6535
6538
6539
6540
6542
6545
6547
6549
6574
6583
6599
6600
6601
6603
6611
6616
6618
6620
6621
6623
6629
6640
6653
6654
6657
6658
6674
6675
6678
6680
6682
6687
6691
6693
6695
6703
6711
6721
6722
6728
6735
6745
6754
6755
6761
6764
6769
6770
6772
6775
6777
6778
6783
6784
6787
6788
6792
6797
6800
6801
6805
6809
6810
6813
6814
6815
6817
6824
6825
6828
6829
6830
6833
6841
6842
6847
6850
6852
6857
6860
6869
6876
6884
6886
6888
6893
6895
6899
6902
6903
6908
6911
6913
6920
6925
6932
6935
6937
6946
6949
6950
6963
6965
6968
6972
6976
6977
6978
6987
6994
6999
7000
7002
7011
7013
7015
7016
7021
7022
7026
7030
7035
7042
7047
7048
7055
7056
7058
7064
7065
7076
7077
7078
7082
7088
7092
7094
7113
7119
7121
7125
7126
7131
7138
7147
7148
7150
7156
7162
7164
7181
7182
7184
7188
7191
7208
7214
7227
7237
7240
7254
7262
7263
7266
7268
7269
7277
7283
7285
7293
7297
7301
7302
7303
7304
7307
7310
7314
7317
7320
7323
7328
7330
7335
7340
7343
7344
7349
7355
7358
7361
7366
7367
7370
7372
7392
7393
7397
7402
7405
7420
7424
7427
7431
7442
7450
7455
7456
7459
7461
7463
7469
7470
7472
7474
7482
7487
7498
7504
7508
7510
7511
7512
7514
7516
7522
7523
7528
7532
7537
7538
7549
7553
7555
7557
7558
7559
7561
7562
7577
7578
7582
7583
7585
7586
7588
7593
7595
7599
7600
7603
7605
7609
7610
7611
7614
7617
7623
7641
7650
7652
7658
7659
7662
7667
7668
7670
7674
7677
7678
7681
7682
7684
7688
7689
7690
7691
7692
7704
7706
7709
7710
7711
7716
7730
7738
7748
7750
7754
7755
7759
7762
7763
7764
7768
7771
7772
7773
7780
7784
7786
7791
7793
7794
7802
7806
7808
7809
7813
7816
7820
7824
7828
7833
7845
7850
7856
7860
7867
7870
7882
7885
7886
7891
7895
7901
7906
7912
7920
7932
7933
7934
7938
7950
7951
7955
7979
7980
7992
7993
7997
8000
8004
8005
8009
8010
8017
8022
8029
8034
8035
8041
8048
8052
8053
8054
8057
8060
8062
8073
8077
8079
8080
8084
8085
8086
8087
8098
8111
8112
8117
8120
8124
8128
8139
8141
8145
8147
8151
8156
8180
8188
8193
8195
8197
8198
8199
8204
8211
8216
8218
8224
8225
8230
8234
8239
8244
8247
8251
8253
8254
8255
8257
8258
8259
8266
8274
8276
8279
8282
8288
8290
8292
8294
8298
8302
8306
8317
8324
8329
8341
8342
8347
8348
8360
8363
8364
8365
8366
8369
8372
8373
8377
8381
8383
8388
8391
8392
8394
8397
8401
8404
8408
8418
8436
8437
8445
8448
8449
8457
8467
8469
8470
8475
8478
8483
8491
8497
8501
8508
8512
8521
8528
8532
8535
8536
8543
8546
8552
8554
8557
8558
8561
8562
8564
8569
8571
8573
8576
8582
8584
8585
8589
8594
8598
8610
8611
8612
8613
8615
8616
8618
8620
8622
8623
8627
8633
8638
8640
8645
8651
8655
8666
8673
8679
8688
8689
8692
8703
8704
8708
8710
8711
8712
8715
8721
8722
8724
8725
8726
8728
8733
8736
8737
8750
8752
8755
8762
8773
8784
8791
8795
8799
8802
8803
8805
8808
8814
8826
8828
8830
8841
8844
8850
8856
8861
8865
8867
8878
8883
8890
8891
8899
8917
8920
8929
8930
8938
8940
8942
8943
8946
8949
8955
8960
8967
8971
8978
8980
8981
8984
8992
8996
8998
8999
9001
9006
9008
9013
9014
9015
9022
9023
9027
9028
9031
9033
9034
9035
9036
9039
9044
9051
9060
9061
9062
9068
9069
9078
9082
9091
9092
9097
9102
9106
9112
9117
9121
9122
9124
9125
9130
9132
9134
9137
9140
9142
9143
9146
9148
9149
9150
9151
9154
9155
9166
9168
9175
9177
9180
9185
9189
9205
9206
9213
9214
9218
9221
9222
9228
9233
9235
9236
9237
9238
9243
9249
9254
9256
9259
9261
9264
9271
9277
9283
9285
9287
9290
9293
9302
9309
9311
9312
9318
9327
9343
9344
9348
9350
9351
9355
9356
9362
9369
9370
9371
9374
9380
9382
9385
9390
9393
9396
9403
9405
9408
9410
9416
9429
9431
9432
9435
9437
9441
9443
9447
9456
9458
9459
9462
9471
9478
9482
9483
9484
9489
9491
9494
9496
9497
9502
9505
9506
9516
9520
9524
9532
9535
9537
9539
9547
9552
9554
9557
9567
9570
9590
9597
9600
9604
9617
9623
9624
9625
9627
9634
9637
9642
9650
9654
9657
9660
9661
9670
9672
9678
9680
9682
9685
9690
9694
9697
9706
9710
9714
9715
9717
9720
9726
9736
9737
9750
9753
9754
9757
9760
9761
9768
9769
9770
9772
9773
9775
9777
9778
9780
9781
9783
9789
9794
9797
9801
9802
9803
9808
9810
9813
9819
9822
9827
9835
9847
9851
9854
9856
9865
9867
9873
9877
9883
9885
9886
9925
9931
9933
9940
9943
9944
9949
9951
9955
9960
9977
9979
9986
9989
9991
9994
10003
10004
10008
10017
10018
10019
10024
10026
10027
10029
10030
10032
10040
10043
10048
10053
10057
10058
10061
10064
10070
10085
10089
10091
10098
10104
10106
10115
10122
10129
10136
10138
10140
10141
10144
10148
10149
10155
10159
10161
10164
10165
10167
10175
10182
10185
10187
10194
10199
10208
10210
10215
10218
10221
10223
10225
10227
10234
10237
10248
10249
10250
10252
10254
10255
10258
10261
10263
10268
10269
10270
10272
10273
10277
10280
10281
10287
10294
10304
10306
10310
10312
10317
10318
10322
10325
10334
10342
10344
10350
10358
10360
10367
10369
10375
10382
10385
10386
10399
10419
10420
10422
10424
10429
10432
10436
10437
10439
10447
10449
10453
10454
10460
10469
10470
10473
10475
10481
10484
10486
10489
10494
10495
10498
10499
10504
10509
10512
10517
10519
10530
10531
10532
10534
10535
10543
10547
10549
10550
10555
10557
10560
10567
10570
10573
10575
10578
10583
10605
10608
10609
10610
10614
10616
10620
10621
10625
10628
10633
10635
10641
10643
10644
10645
10650
10653
10658
10659
10668
10670
10675
10687
10690
10693
10705
10706
10709
10712
10716
10721
10732
10733
10741
10742
10746
10749
10756
10757
10758
10759
10762
10780
10786
10788
10791
10797
10810
10814
10819
10823
10825
10828
10836
10837
10841
10844
10847
10850
10856
10860
10864
10865
10866
10870
10871
10874
10884
10892
10895
10898
10900
10902
10905
10917
10920
10925
10928
10934
10938
10942
10945
10946
10947
10952
10954
10955
10958
10963
10965
10967
10969
10984
10990
10993
10994
10998
11004
11005
11006
11009
11010
11013
11016
11017
11023
11024
11026
11032
11045
11050
11057
11060
11062
11067
11068
11075
11078
11088
11091
11097
11102
11104
11106
11107
11111
11112
11114
11126
11129
11132
11142
11143
11148
11150
11151
11161
11165
11166
11168
11171
11174
11179
11188
11191
11192
11193
11197
11211
11227
11228
11229
11236
11241
11243
11247
11249
11254
11255
11256
11257
11259
11260
11263
11265
11267
11273
11275
11280
11283
11289
11297
11298
11304
11306
11315
11316
11318
11322
11323
11337
11339
11340
11346
11349
11351
11354
11361
11362
11365
11368
11369
11372
11374
11376
11377
11381
11385
11389
11391
11392
11396
11405
11406
11410
11412
11413
11415
11417
11422
11426
11427
11431
11435
11439
11441
11442
11444
11447
11453
11463
11471
11474
11476
11479
11483
11484
11487
11488
11489
11490
11493
11497
11498
11503
11505
11515
11526
11530
11534
11537
11539
11545
11547
11548
11554
11565
11567
11568
11575
11578
11579
11581
11584
11590
11594
11599
11600
11601
11610
11613
11615
11616
11624
11628
11629
11636
11652
11653
11665
11672
11674
11675
11681
11685
11698
11699
11705
11706
11713
11717
11719
11724
11727
11750
11756
11759
11774
11786
11793
11798
11801
11804
11805
11807
11808
11813
11819
11830
11834
11837
11840
11844
11850
11855
11857
11863
11866
11868
11871
11884
11885
11886
11889
11890
11892
11896
11899
11902
11904
11906
11912
11915
11916
11917
11920
11923
11931
11934
11938
11940
11942
11945
11949
11952
11955
11962
11964
11967
11968
11970
11976
11979
11980
11993
11998
12004
12006
12007
12008
12009
12011
12016
12019
12025
12026
12029
12034
12037
12042
12045
12047
12054
12059
12066
12069
12073
12079
12090
12110
12113
12116
12120
12135
12137
12150
12158
12162
12170
12173
12174
12176
12177
12178
12180
12183
12185
12194
12195
12196
12204
12206
12208
12210
12211
12214
12220
12225
12227
12229
12233
12235
12248
12251
12253
12258
12260
12266
12273
12276
12277
12281
12284
12288
12289
12290
12297
12314
12315
12327
12330
12336
12338
12339
12341
12346
12350
12351
12353
12357
12359
12361
12363
12367
12368
12374
12375
12379
12384
12386
12387
12388
12394
12398
12403
12408
12410
12412
12414
12420
12421
12425
12432
12441
12448
12449
12452
12453
12458
12464
12473
12477
12490
12491
12496
12502
12505
12511
12516
12525
12537
12541
12542
12544
12545
12546
12554
12570
12571
12573
12576
12577
12597
12599
12608
12617
12618
12620
12621
12623
12629
12630
12631
12643
12644
12647
12654
12656
12664
12665
12667
12670
12677
12678
12683
12686
12688
12698
12700
12706
12709
12710
12716
12719
12720
12728
12730
12732
12736
12737
12741
12748
12749
12753
12758
12764
12770
12773
12775
12776
12781
12782
12790
12795
12798
12809
12817
12818
12820
12822
12823
12824
12826
12830
12835
12841
12844
12856
12857
12863
12865
12867
12868
12872
12876
12880
12882
12884
12888
12898
12903
12905
12914
12915
12918
12922
12923
12929
12940
12946
12948
12949
12951
12955
12956
12965
12973
12980
12993
12996
12998
12999
13002
13003
13006
13008
13029
13030
13043
13046
13051
13052
13054
13058
13060
13061
13065
13066
13072
13074
13084
13090
13091
13096
13103
13104
13111
13118
13124
13129
13138
13139
13141
13150
13156
13165
13166
13167
13169
13172
13173
13182
13183
13187
13194
13195
13200
13201
13208
13209
13212
13240
13241
13243
13245
13246
13254
13257
13262
13266
13269
13274
13280
13288
13295
13297
13304
13320
13325
13327
13332
13333
13339
13342
13355
13356
13361
13367
13369
13370
13371
13378
13382
13384
13389
13390
13393
13395
13396
13398
13402
13407
13410
13411
13418
13420
13422
13432
13436
13438
13442
13444
13445
13448
13455
13457
13458
13460
13461
13466
13467
13468
13477
13488
13490
13494
13497
13504
13505
13509
13513
13516
13523
13525
13526
13527
13528
13531
13534
13536
13538
13539
13541
13544
13548
13554
13558
13559
13567
13574
13576
13578
13580
13583
13590
13596
13600
13602
13604
13611
13613
13628
13629
13635
13642
13643
13645
13647
13648
13651
13652
13659
13666
13677
13681
13686
13689
13698
13712
13715
13717
13719
13734
13736
13744
13756
13757
13763
13765
13770
13772
13779
13781
13785
13792
13794
13795
13800
13803
13807
13808
13810
13816
13822
13827
13828
13832
13834
13835
13842
13849
13850
13853
13857
13859
13864
13868
13871
13872
13875
13876
13887
13890
13892
13896
13906
13910
13917
13922
13924
13931
13933
13938
13939
13942
13947
13949
13951
13954
13956
13963
13968
13970
13972
13980
13983
13995
14011
14012
14018
14025
14028
14029
14030
14031
14036
14038
14040
14049
14051
14057
14064
14068
14072
14074
14080
14081
14086
14092
14094
14095
14105
14112
14115
14119
14123
14124
14131
14132
14134
14138
14148
14149
14152
14155
14162
14165
14171
14179
14186
14189
14192
14193
14195
14198
14199
14201
14204
14208
14212
14215
14222
14232
14234
14236
14237
14239
14243
14245
14248
14254
14258
14261
14262
14265
14268
14269
14276
14283
14286
14287
14288
14291
14300
14311
14312
14313
14316
14317
14325
14327
14329
14337
14339
14342
14343
14347
14349
14352
14354
14355
14358
14359
14361
14369
14371
14372
14375
14376
14379
14381
14389
14391
14396
14398
14400
14403
14406
14421
14427
14429
14430
14438
14441
14446
14449
14450
14458
14459
14462
14467
14477
14483
14485
14487
14489
14496
14501
14503
14504
14507
14512
14518
14520
14521
14528
14537
14538
14545
14547
14549
14551
14554
14562
14566
14572
14586
14587
14596
14598
14602
14604
14607
14609
14610
14614
14616
14618
14622
14624
14631
14637
14638
14639
14654
14659
14663
14665
14668
14680
14683
14684
14693
14699
14707
14709
14711
14713
14715
14721
14723
14729
14735
14736
14740
14747
14751
14755
14757
14761
14763
14765
14791
14794
14796
14800
14801
14809
14811
14815
14816
14821
14824
14826
14831
14838
14839
14845
14848
14850
14856
14868
14873
14878
14882
14883
14884
14896
14907
14917
14919
14924
14936
14941
14942
14945
14946
14947
14948
14960
14962
14969
14970
14973
14982
14983
14985
14990
14993
15003
15004
15016
15023
15025
15029
15034
15037
15039
15043
15045
15047
15051
15052
15056
15058
15059
15062
15066
15068
15074
15075
15076
15079
15090
15092
15093
15095
15096
15100
15104
15105
15111
15113
15115
15117
15119
15121
15131
15136
15143
15145
15146
15149
15151
15168
15169
15170
15186
15188
15194
15202
15210
15211
15212
15219
15227
15242
15245
15250
15252
15266
15268
15275
15281
15287
15288
15295
15297
15304
15309
15314
15315
15326
15329
15331
15336
15337
15341
15344
15346
15355
15369
15377
15381
15382
15392
15394
15399
15408
15413
15415
15416
15421
15422
15424
15439
15442
15450
15451
15452
15456
15457
15458
15459
15463
15468
15473
15475
15476
15487
15488
15491
15492
15499
15504
15505
15511
15531
15552
15554
15565
15567
15572
15573
15574
15580
15581
15586
15592
15594
15598
15611
15614
15619
15625
15637
15640
15643
15644
15652
15654
15655
15657
15660
15662
15668
15670
15671
15678
15682
15686
15693
15697
15698
15713
15715
15717
15720
15730
15731
15735
15737
15738
15743
15753
15755
15756
15758
15762
15765
15770
15773
15776
15778
15779
15780
15785
15787
15789
15801
15804
15815
15818
15820
15827
15830
15831
15832
15834
15837
15838
15839
15846
15855
15857
15860
15865
15873
15874
15876
15884
15888
15889
15890
15892
15895
15899
15902
15904
15912
15917
15922
15923
15934
15935
15937
15940
15941
15942
15945
15947
15948
15951
15953
15954
15957
15958
15959
15963
15964
15978
15979
15985
15990
15993
16003
16010
16014
16022
16023
16028
16030
16036
16037
16039
16042
16044
16045
16048
16050
16051
16058
16064
16067
16069
16070
16075
16080
16081
16082
16084
16101
16102
16104
16106
16107
16112
16114
16117
16119
16125
16128
16134
16140
16142
16151
16157
16158
16161
16171
16173
16174
16178
16180
16184
16186
16188
16204
16206
16207
16209
16210
16211
16223
16224
16229
16230
16232
16234
16236
16238
16240
16241
16243
16244
16246
16257
16271
16274
16276
16279
16280
16281
16287
16293
16297
16302
16310
16311
16314
16315
16316
16320
16322
16323
16328
16331
16339
16341
16342
16343
16348
16366
16371
16376
16377
16378
16380
16385
16389
16397
16400
16403
16404
16405
16409
16410
16411
16418
16422
16425
16432
16435
16445
16451
16453
16454
16459
16464
16468
16478
16487
16492
16494
16496
16502
16503
16515
16519
16524
16529
16534
16546
16550
16557
16560
16575
16577
16580
16583
16584
16585
16587
16593
16600
16606
16611
16613
16619
16625
16634
16635
16637
16638
16639
16650
16651
16652
16655
16659
16660
16661
16666
16674
16678
16685
16686
16688
16696
16698
16701
16706
16707
16713
16716
16718
16720
16725
16726
16728
16729
16730
16732
16740
16750
16751
16754
16759
16761
16765
16767
16777
16779
16790
16793
16795
16796
16812
16815
16817
16820
16821
16831
16834
16835
16844
16846
16851
16872
16874
16888
16890
16891
16898
16903
16906
16907
16908
16912
16915
16923
16930
16939
16947
16960
16966
16967
16968
16972
16975
16976
16977
16978
16980
16981
16986
16992
16997
17000
17002
17008
17027
17031
17034
17036
17040
17043
17047
17053
17055
17059
17060
17065
17068
17071
17079
17085
17100
17103
17105
17112
17117
17119
17122
17123
17124
17130
17133
17140
17141
17142
17146
17148
17151
17152
17155
17157
17158
17159
17160
17162
17171
17177
17186
17192
17193
17196
17199
17205
17208
17214
17216
17218
17224
17227
17232
17241
17243
17250
17252
17256
17261
17263
17265
17273
17281
17291
17292
17298
17299
17303
17306
17313
17319
17320
17331
17336
17338
17348
17351
17354
17356
17358
17360
17364
17365
17367
17370
17371
17372
17375
17386
17389
17392
17398
17403
17411
17413
17414
17420
17424
17429
17433
17438
17440
17448
17450
17452
17454
17458
17459
17460
17464
17466
17467
17469
17484
17493
17494
17498
17502
17504
17509
17514
17516
17520
17522
17523
17528
17531
17532
17533
17536
17542
17545
17546
17547
17548
17551
17552
17553
17555
17557
17558
17565
17566
17577
17583
17587
17590
17593
17594
17601
17614
17615
17623
17626
17630
17636
17637
17642
17643
17653
17659
17663
17664
17667
17668
17671
17675
17677
17678
17681
17683
17685
17687
17688
17690
17702
17703
17705
17711
17717
17720
17723
17730
17733
17741
17750
17753
17754
17755
17757
17759
17763
17764
17777
17780
17781
17799
17800
17801
17803
17806
17808
17810
17811
17814
17823
17828
17831
17848
17849
17853
17854
17861
17862
17864
17865
17870
17871
17872
17874
17877
17882
17883
17884
17891
17896
17900
17911
17916
17917
17923
17924
17930
17937
17938
17940
17942
17948
17954
17957
17960
17961
17962
17967
17973
17974
17977
17978
17983
17985
17989
17992
17994
17998
18001
18002
18005
18007
18011
18012
18018
18025
18032
18034
18037
18039
18042
18043
18044
18045
18050
18055
18057
18058
18059
18061
18063
18064
18065
18070
18083
18085
18088
18092
18095
18097
18098
18104
18110
18117
18120
18130
18134
18136
18140
18152
18154
18155
18157
18162
18164
18165
18174
18178
18179
18180
18184
18188
18196
18199
18202
18203
18218
18219
18226
18239
18244
18248
18252
18253
18255
18261
18263
18271
18273
18276
18281
18284
18285
18286
18290
18292
18304
18305
18307
18308
18314
18322
18324
18325
18335
18339
18355
18359
18363
18375
18377
18391
18392
18398
18408
18409
18411
18413
18414
18418
18422
18424
18429
18430
18442
18446
18448
18457
18459
18462
18467
18468
18473
18477
18478
18479
18484
18488
18489
18490
18493
18495
18496
18508
18510
18512
18514
18525
18527
18528
18535
18536
18543
18544
18545
18548
18552
18554
18556
18560
18563
18568
18573
18580
18581
18583
18584
18588
18590
18593
18600
18603
18604
18605
18609
18611
18612
18617
18622
18625
18626
18629
18631
18633
18639
18641
18642
18656
18658
18660
18663
18674
18676
18677
18680
18687
18688
18691
18692
18695
18696
18698
18700
18701
18702
18709
18710
18713
18714
18718
18721
18722
18725
18733
18738
18740
18744
18768
18769
18774
18778
18780
18785
18793
18819
18824
18833
18839
18845
18846
18853
18854
18859
18863
18864
18867
18868
18879
18885
18886
18891
18894
18895
18899
18904
18910
18917
18918
18924
18925
18926
18927
18933
18943
18953
18954
18956
18967
18976
18979
18993
18994
18995
18996
19001
19002
19003
19004
19006
19007
19008
19015
19021
19022
19029
19030
19038
19045
19051
19053
19064
19065
19066
19077
19080
19081
19082
19088
19090
19091
19093
19100
19107
19113
19120
19124
19132
19136
19138
19145
19148
19155
19170
19173
19180
19182
19183
19185
19196
19197
19198
19199
19200
19203
19214
19215
19217
19221
19225
19236
19238
19241
19242
19245
19246
19247
19252
19263
19269
19270
19276
19279
19280
19282
19288
19289
19294
19299
19302
19303
19304
19308
19310
19311
19322
19325
19326
19329
19335
19336
19340
19348
19362
19364
19369
19375
19380
19383
19386
19392
19393
19400
19401
19404
19407
19410
19411
19412
19414
19415
19427
19432
19435
19436
19440
19446
19447
19450
19455
19459
19461
19464
19470
19472
19476
19481
19482
19485
19487
19490
19493
19498
19503
19505
19507
19508
19509
19511
19513
19520
19525
19528
19531
19532
19538
19539
19540
19541
19542
19544
19548
19550
19552
19557
19563
19564
19571
19574
19578
19587
19591
19594
19597
19605
19607
19608
19609
19610
19612
19613
19615
19619
19622
19624
19630
19631
19635
19642
19644
19646
19647
19649
19651
19652
19653
19655
19656
19658
19661
19662
19679
19683
19685
19687
19696
19702
19703
19706
19709
19712
19716
19732
19733
19740
19744
19745
19747
19751
19758
19763
19781
19786
19805
19810
19818
19826
19830
19832
19835
19836
19837
19840
19842
19844
19845
19846
19851
19852
19854
19856
19859
19863
19869
19870
19871
19872
19873
19874
19877
19883
19887
19892
19903
19904
19906
19909
19912
19916
19920
19922
19931
19933
19935
19937
19947
19949
19952
19954
19959
19960
19961
19965
19970
19975
19976
19978
19985
19990
19993
19994
19996
20004
20008
20013
20015
20016
20018
20020
20023
20024
20027
20032
20033
20039
20042
20046
20047
20050
20055
20060
20061
20065
20066
20082
20083
20092
20095
20102
20103
20107
20111
20114
20119
20125
20131
20132
20134
20137
20142
20149
20151
20152
20154
20156
20158
20160
20161
20165
20169
20170
20176
20181
20187
20190
20195
20201
20202
20203
20205
20207
20209
20212
20222
20223
20234
20237
20243
20246
20252
20254
20255
20257
20258
20262
20266
20279
20282
20287
20288
20290
20291
20294
20297
20302
20308
20313
20314
20315
20316
20321
20323
20324
20328
20331
20332
20336
20337
20346
20355
20356
20368
20370
20371
20378
20379
20382
20383
20391
20396
20402
20405
20407
20411
20412
20424
20426
20431
20433
20435
20450
20459
20460
20462
20464
20465
20470
20473
20476
20481
20483
20489
20493
20498
20503
20509
20515
20524
20534
20536
20542
20544
20548
20550
20551
20554
20561
20567
20569
20571
20572
20574
20576
20578
20588
20598
20600
20601
20608
20615
20616
20624
20629
20633
20636
20642
20645
20648
20655
20666
20668
20677
20679
20688
20694
20695
20697
20701
20702
20705
20706
20707
20716
20726
20728
20731
20733
20734
20740
20748
20751
20757
20761
20765
20770
20771
20773
20780
20783
20784
20799
20803
20805
20809
20810
20813
20815
20817
20818
20830
20833
20836
20841
20842
20847
20848
20852
20854
20858
20861
20869
20870
20873
20875
20877
20879
20882
20891
20905
20908
20909
20910
20916
20919
20920
20922
20927
20928
20929
20935
20938
20939
20943
20950
20955
20959
20960
20962
20963
20966
20968
20972
20982
20987
20994
20996
20998
21000
21004
21005
21017
21018
21029
21031
21033
21034
21036
21037
21043
21045
21046
21048
21049
21050
21053
21057
21058
21063
21069
21070
21071
21078
21083
21086
21089
21093
21101
21103
21104
21107
21110
21119
21125
21137
21143
21158
21160
21165
21167
21180
21181
21186
21193
21194
21199
21205
21216
21219
21232
21245
21249
21250
21255
21257
21259
21263
21265
21278
21287
21300
21304
21307
21310
21313
21319
21328
21331
21345
21346
21349
21350
21352
21353
21358
21364
21368
21369
21370
21374
21382
21386
21393
21400
21410
21415
21422
21425
21426
21428
21431
21442
21448
21449
21455
21462
21470
21471
21477
21479
21481
21483
21499
21504
21506
21509
21512
21513
21514
21515
21516
21518
21522
21523
21526
21529
21546
21548
21552
21556
21561
21562
21571
21574
21578
21582
21588
21605
21617
21619
21620
21621
21622
21625
21628
21629
21638
21640
21642
21643
21646
21648
21649
21655
21657
21660
21663
21671
21683
21685
21686
21690
21691
21695
21696
21699
21705
21706
21712
21713
21715
21718
21719
21724
21727
21733
21736
21737
21741
21744
21752
21757
21765
21767
21771
21775
21776
21778
21780
21796
21818
21821
21826
21830
21832
21844
21846
21847
21852
21853
21854
21855
21856
21865
21866
21867
21869
21882
21891
21894
21896
21899
21903
21913
21920
21931
21935
21937
21940
21945
21948
21954
21958
21959
21962
21964
21965
21977
21980
21981
21982
21983
21987
21988
21998
22003
22004
22006
22013
22015
22020
22022
22023
22031
22032
22033
22035
22036
22038
22040
22042
22043
22046
22051
22053
22056
22061
22062
22069
22070
22071
22076
22081
22090
22092
22093
22095
22098
22101
22103
22105
22110
22116
22119
22129
22134
22139
22146
22148
22156
22158
22168
22177
22181
22182
22183
22187
22193
22196
22197
22201
22209
22213
22216
22223
22225
22228
22229
22236
22237
22244
22246
22260
22263
22266
22269
22272
22274
22276
22279
22281
22282
22294
22295
22300
22303
22311
22319
22322
22326
22330
22333
22334
22335
22346
22349
22356
22357
22371
22377
22379
22389
22399
22400
22404
22405
22408
22410
22412
22416
22417
22418
22423
22428
22433
22440
22441
22447
22448
22450
22464
22465
22469
22470
22473
22476
22483
22488
22492
22495
22496
22499
22501
22505
22506
22510
22516
22520
22522
22525
22527
22533
22539
22543
22544
22551
22558
22564
22565
22566
22569
22574
22576
22577
22591
22594
22599
22600
22607
22608
22610
22616
22621
22622
22625
22628
22630
22633
22635
22636
22637
22641
22643
22645
22652
22653
22656
22661
22664
22665
22667
22669
22670
22677
22680
22683
22688
22689
22691
22697
22698
22701
22704
22705
22708
22710
22712
22716
22724
22725
22731
22740
22749
22751
22756
22758
22761
22762
22765
22767
22769
22783
22786
22788
22795
22800
22806
22809
22810
22813
22816
22817
22820
22824
22827
22831
22837
22839
22840
22841
22842
22843
22844
22845
22846
22848
22855
22859
22860
22872
22874
22875
22884
22886
22889
22890
22896
22904
22905
22906
22907
22909
22911
22930
22934
22935
22936
22938
22948
22951
22953
22956
22963
22968
22969
22971
22972
22973
22974
22975
22987
22991
22992
23002
23007
23017
23033
23036
23041
23044
23046
23049
23060
23072
23073
23080
23082
23083
23090
23097
23098
23103
23104
23114
23115
23117
23127
23128
23129
23132
23137
23138
23140
23155
23156
23157
23159
23161
23165
23176
23177
23178
23182
23184
23193
23195
23201
23204
23205
23208
23211
23212
23216
23217
23218
23221
23224
23228
23235
23237
23241
23242
23244
23247
23248
23266
23271
23272
23275
23277
23279
23281
23282
23291
23296
23297
23298
23299
23300
23305
23306
23308
23316
23317
23318
23319
23320
23322
23325
23326
23329
23331
23332
23334
23343
23349
23352
23361
23362
23364
23372
23373
23380
23381
23385
23386
23389
23394
23398
23403
23415
23421
23422
23424
23425
23433
23439
23441
23442
23443
23452
23459
23460
23463
23469
23471
23472
23477
23489
23490
23492
23494
23497
23501
23504
23506
23510
23532
23534
23539
23542
23546
23550
23555
23558
23560
23564
23565
23569
23570
23571
23577
23580
23593
23597
23598
23606
23612
23614
23615
23617
23627
23628
23636
23643
23646
23652
23657
23659
23660
23663
23664
23665
23667
23669
23672
23674
23675
23677
23682
23691
23692
23693
23700
23701
23708
23712
23713
23715
23724
23729
23732
23743
23759
23763
23767
23774
23781
23784
23785
23788
23790
23791
23807
23810
23818
23824
23827
23831
23834
23836
23847
23848
23854
23857
23862
23864
23866
23867
23869
23874
23885
23890
23895
23896
23899
23901
23903
23905
23906
23916
23917
23918
23921
23927
23928
23930
23934
23936
23938
23942
23949
23950
23953
23959
23961
23963
23966
23972
23973
23976
23990
23992
23997
24000
24001
24004
24010
24012
24014
24015
24019
24022
24026
24041
24048
24050
24057
24058
24059
24067
24069
24071
24072
24075
24081
24086
24090
24095
24096
24099
24111
24113
24116
24122
24123
24126
24135
24137
24146
24156
24165
24168
24173
24174
24177
24189
24190
24212
24213
24215
24219
24222
24227
24229
24230
24232
24234
24235
24246
24250
24256
24257
24260
24262
24264
24273
24280
24285
24294
24300
24304
24307
24308
24320
24332
24338
24341
24346
24350
24359
24365
24367
24374
24377
24379
24380
24384
24386
24390
24396
24406
24415
24419
24425
24431
24442
24444
24446
24455
24459
24474
24480
24484
24489
24492
24493
24507
24512
24514
24515
24519
24522
24524
24525
24526
24529
24534
24535
24540
24541
24543
24546
24550
24551
24558
24559
24570
24573
24580
24581
24586
24591
24597
24599
24600
24607
24622
24625
24636
24642
24647
24652
24659
24664
24665
24666
24669
24670
24673
24674
24675
24684
24689
24690
24696
24697
24701
24706
24708
24710
24712
24723
24724
24726
24728
24732
24737
24741
24748
24750
24766
24776
24779
24781
24785
24789
24791
24792
24794
24795
24802
24805
24807
24808
24817
24823
24826
24831
24844
24845
24849
24855
24857
24867
24871
24872
24875
24877
24891
24893
24894
24898
24902
24907
24918
24922
24923
24924
24928
24933
24934
24935
24941
24942
24944
24946
24952
24954
24958
24960
24963
24964
24965
24970
24972
24973
24980
24996
25003
25004
25010
25014
25016
25019
25029
25030
25037
25043
25047
25055
25062
25063
25066
25071
25072
25074
25075
25078
25083
25084
25085
25086
25088
25091
25099
25110
25112
25113
25114
25118
25119
25121
25126
25127
25128
25129
25130
25133
25134
25144
25151
25154
25162
25170
25175
25179
25180
25194
25201
25203
25205
25208
25213
25216
25218
25220
25225
25236
25253
25257
25271
25280
25287
25291
25294
25295
25307
25310
25314
25315
25323
25336
25342
25345
25348
25349
25366
25368
25371
25374
25380
25383
25385
25386
25394
25395
25397
25402
25404
25407
25413
25415
25417
25423
25425
25430
25436
25439
25440
25441
25444
25460
25467
25468
25470
25471
25472
25474
25476
25489
25490
25504
25505
25507
25508
25510
25519
25523
25528
25541
25546
25560
25566
25569
25570
25571
25575
25579
25580
25583
25584
25594
25596
25601
25604
25607
25609
25612
25615
25616
25620
25621
25622
25623
25628
25631
25634
25639
25653
25656
25657
25660
25666
25668
25676
25677
25678
25683
25687
25690
25692
25694
25695
25698
25700
25707
25708
25711
25712
25713
25717
25721
25726
25731
25737
25753
25755
25762
25768
25770
25771
25777
25778
25785
25787
25789
25799
25808
25824
25826
25828
25837
25847
25851
25854
25855
25859
25862
25871
25873
25876
25878
25883
25885
25886
25888
25889
25891
25893
25894
25902
25906
25908
25910
25919
25930
25931
25935
25936
25942
25954
25963
25965
25966
25969
25978
25982
25987
25996
26003
26009
26011
26016
26018
26019
26020
26029
26030
26033
26034
26039
26040
26044
26050
26057
26062
26065
26066
26068
26073
26077
26081
26082
26094
26099
26112
26117
26118
26124
26131
26139
26147
26152
26159
26161
26171
26173
26182
26183
26186
26187
26189
26192
26196
26199
26202
26203
26204
26208
26216
26220
26228
26235
26237
26239
26244
26247
26250
26251
26254
26258
26265
26268
26273
26289
26294
26295
26300
26301
26312
26318
26324
26328
26331
26332
26333
26334
26342
26347
26349
26351
26356
26358
26363
26365
26366
26380
26389
26392
26396
26399
26409
26410
26416
26433
26435
26442
26448
26469
26474
26475
26479
26483
26484
26485
26487
26493
26494
26498
26504
26505
26514
26516
26518
26520
26521
26522
26524
26534
26535
26536
26540
26553
26560
26563
26564
26565
26575
26576
26591
26592
26595
26596
26598
26602
26604
26605
26610
26613
26620
26624
26629
26633
26635
26637
26638
26641
26645
26647
26653
26655
26657
26659
26662
26665
26672
26673
26674
26677
26688
26693
26694
26698
26700
26704
26712
26713
26714
26715
26721
26725
26726
26729
26732
26734
26739
26740
26741
26745
26747
26748
26752
26753
26757
26758
26767
26768
26793
26801
26805
26806
26815
26818
26819
26829
26830
26832
26842
26855
26861
26871
26876
26878
26880
26884
26885
26886
26895
26899
26907
26910
26924
26925
26930
26932
26933
26941
26942
26945
26946
26953
26955
26961
26963
26964
26969
26971
26975
26976
26978
26979
26981
26985
26995
26998
26999
27000
27006
27015
27017
27020
27027
27034
27039
27041
27049
27061
27064
27066
27072
27073
27081
27087
27088
27093
27106
27107
27110
27114
27117
27119
27123
27127
27135
27142
27147
27148
27153
27154
27156
27160
27170
27172
27177
27180
27187
27188
27194
27195
27198
27199
27209
27215
27218
27227
27229
27230
27235
27242
27243
27255
27256
27261
27266
27270
27275
27300
27309
27316
27326
27327
27328
27331
27332
27334
27335
27336
27338
27347
27352
27353
27354
27362
27368
27369
27375
27382
27383
27384
27386
27393
27397
27402
27404
27405
27410
27411
27412
27414
27416
27440
27452
27469
27476
27478
27481
27483
27492
27495
27498
27502
27505
27515
27516
27522
27523
27527
27532
27537
27540
27544
27546
27547
27551
27552
27568
27570
27580
27583
27592
27595
27607
27615
27620
27621
27623
27627
27647
27656
27660
27661
27666
27671
27677
27687
27695
27705
27709
27712
27714
27715
27716
27727
27729
27730
27738
27744
27758
27762
27766
27767
27774
27778
27780
27782
27785
27790
27791
27795
27801
27805
27807
27813
27815
27816
27817
27819
27826
27830
27838
27846
27847
27850
27853
27854
27856
27861
27862
27864
27870
27878
27880
27884
27887
27890
27902
27908
27912
27916
27927
27931
27933
27934
27942
27946
27949
27951
27954
27955
27958
27961
27967
27968
27971
27978
27983
27986
27989
27992
27994
27995
28001
28002
28005
28006
28007
28015
28021
28022
28024
28026
28034
28037
28043
28046
28047
28048
28051
28054
28055
28056
28062
28064
28066
28069
28072
28076
28078
28082
28084
28085
28088
28090
28101
28104
28121
28122
28123
28131
28132
28136
28138
28140
28146
28152
28159
28163
28181
28182
28185
28193
28194
28201
28205
28213
28214
28220
28222
28223
28226
28232
28247
28248
28250
28254
28257
28258
28265
28269
28271
28274
28275
28283
28284
28295
28300
28303
28305
28320
28324
28326
28329
28330
28332
28337
28342
28343
28345
28348
28354
28358
28362
28363
28368
28371
28372
28373
28377
28379
28380
28382
28385
28387
28396
28398
28399
28400
28402
28420
28421
28422
28429
28432
28433
28434
28442
28462
28464
28466
28468
28469
28475
28477
28484
28485
28498
28500
28504
28506
28515
28519
28520
28525
28527
28532
28536
28537
28541
28553
28563
28564
28566
28576
28579
28588
28599
28601
28604
28609
28610
28614
28620
28628
28629
28630
28635
28636
28643
28645
28646
28649
28651
28654
28656
28657
28661
28663
28665
28666
28669
28671
28672
28678
28682
28684
28687
28689
28692
28694
28697
28701
28705
28706
28715
28719
28720
28721
28722
28724
28726
28732
28733
28738
28744
28745
28749
28754
28763
28778
28780
28781
28791
28794
28797
28799
28803
28805
28808
28812
28817
28818
28828
28830
28834
28835
28837
28844
28845
28846
28847
28850
28862
28864
28869
28873
28878
28879
28880
28882
28884
28886
28888
28889
28892
28893
28894
28910
28911
28912
28914
28915
28917
28923
28926
28927
28929
28933
28936
28939
28945
28951
28956
28958
28959
28960
28961
28963
28966
28967
28970
28977
28980
28982
28991
28994
29000
29005
29007
29010
29012
29014
29016
29017
29018
29019
29025
29034
29035
29038
29043
29051
29052
29053
29056
29059
29067
29070
29071
29077
29078
29082
29100
29104
29105
29106
29114
29115
29117
29118
29121
29125
29129
29135
29151
29155
29156
29160
29161
29162
29165
29176
29185
29187
29195
29198
29203
29205
29207
29209
29224
29230
29236
29240
29241
29242
29243
29244
29252
29257
29267
29272
29274
29288
29294
29295
29297
29298
29303
29306
29309
29315
29318
29328
29329
29339
29347
29353
29355
29357
29365
29366
29373
29377
29379
29387
29390
29399
29405
29413
29417
29420
29423
29425
29426
29428
29431
29434
29445
29450
29454
29455
29457
29461
29467
29469
29471
29472
29481
29482
29484
29487
29488
29491
29492
29497
29498
29500
29504
29506
29507
29533
29541
29542
29545
29548
29553
29555
29557
29562
29564
29567
29570
29578
29591
29592
29594
29599
29603
29604
29609
29614
29617
29620
29621
29625
29626
29628
29634
29636
29637
29638
29643
29645
29646
29652
29655
29664
29665
29669
29670
29673
29674
29685
29691
29694
29700
29702
29703
29707
29710
29711
29712
29715
29720
29723
29732
29733
29736
29737
29745
29749
29751
29754
29765
29770
29774
29775
29779
29785
29787
29800
29809
29816
29822
29825
29834
29835
29836
29837
29841
29843
29844
29848
29849
29855
29858
29860
29861
29870
29876
29882
29883
29885
29886
29889
29892
29898
29899
29902
29907
29921
29922
29923
29925
29932
29933
29937
29938
29944
29945
29949
29950
29962
29965
29966
29967
29975
29978
29980
29982
29995
30006
30010
30012
30020
30022
30023
30030
30035
30037
30039
30045
30052
30053
30056
30059
30070
30074
30078
30079
30080
30084
30087
30093
30106
30107
30111
30112
30114
30115
30118
30120
30125
30128
30132
30134
30137
30139
30146
30154
30163
30167
30173
30174
30180
30181
30194
30200
30201
30205
30210
30215
30218
30221
30223
30224
30226
30228
30246
30249
30254
30259
30266
30267
30278
30281
30285
30287
30292
30298
30304
30310
30327
30329
30330
30331
30340
30358
30363
30367
30372
30374
30376
30379
30380
30392
30396
30400
30403
30406
30416
30417
30420
30425
30428
30432
30433
30434
30436
30437
30439
30441
30447
30449
30460
30466
30474
30475
30478
30482
30496
30499
30507
30513
30514
30516
30517
30538
30541
30556
30557
30558
30559
30564
30577
30583
30584
30588
30595
30600
30602
30609
30611
30612
30620
30621
30623
30627
30628
30630
30633
30634
30636
30639
30644
30647
30651
30657
30658
30665
30667
30673
30675
30682
30683
30692
30694
30702
30704
30713
30721
30723
30725
30727
30733
30734
30735
30745
30749
30756
30764
30774
30775
30776
30782
30783
30784
30785
30787
30790
30792
30793
30796
30799
30802
30807
30808
30815
30818
30821
30830
30832
30845
30851
30867
30870
30874
30877
30879
30880
30881
30882
30884
30888
30889
30892
30898
30904
30908
30912
30916
30918
30925
30929
30931
30935
30940
30953
30958
30960
30963
30965
30973
30974
30976
30978
30982
30985
30987
30992
30993
30994
30996
31010
31024
31025
31030
31033
31034
31035
31037
31038
31039
31040
31042
31043
31049
31050
31052
31054
31058
31062
31063
31072
31077
31080
31083
31091
31093
31097
31117
31122
31123
31135
31141
31145
31148
31149
31153
31154
31155
31156
31161
31164
31166
31172
31181
31184
31185
31193
31196
31201
31203
31204
31205
31206
31209
31210
31215
31218
31222
31223
31225
31227
31240
31241
31246
31248
31251
31254
31262
31265
31266
31269
31277
31289
31291
31293
31300
31301
31303
31312
31314
31315
31317
31321
31323
31329
31330
31346
31356
31361
31369
31370
31371
31372
31387
31393
31409
31410
31429
31437
31439
31443
31449
31454
31455
31458
31463
31464
31475
31478
31481
31485
31489
31491
31492
31496
31499
31501
31512
31518
31520
31531
31534
31539
31541
31545
31549
31551
31557
31563
31566
31568
31571
31590
31594
31596
31598
31599
31600
31602
31604
31608
31613
31614
31628
31631
31633
31637
31639
31646
31648
31649
31652
31656
31660
31662
31663
31669
31670
31675
31681
31705
31712
31718
31720
31731
31732
31734
31739
31742
31745
31750
31754
31757
31761
31766
31767
31769
31785
31787
31790
31791
31793
31794
31795
31797
31800
31802
31808
31815
31822
31824
31826
31830
31836
31842
31843
31848
31851
31856
31857
31865
31869
31870
31871
31878
31907
31923
31933
31935
31945
31946
31954
31958
31961
31962
31963
31965
31971
31975
31976
31978
31980
31982
31983
31989
31992
31995
31996
31997
31998
32008
32009
32015
32027
32032
32041
32044
32046
32049
32051
32054
32055
32060
32061
32072
32073
32076
32083
32085
32091
32094
32096
32098
32099
32101
32106
32107
32108
32109
32110
32112
32122
32123
32124
32126
32130
32131
32132
32133
32134
32137
32147
32151
32153
32167
32174
32175
32177
32178
32179
32180
32189
32190
32198
32205
32211
32220
32225
32227
32229
32236
32243
32245
32246
32247
32249
32250
32251
32252
32260
32267
32275
32278
32287
32291
32293
32294
32295
32298
32302
32304
32305
32307
32309
32313
32314
32322
32326
32328
32332
32333
32335
32337
32339
32340
32343
32345
32347
32350
32351
32353
32361
32371
32372
32376
32389
32400
32405
32409
32410
32411
32412
32417
32418
32420
32424
32426
32428
32429
32430
32431
32432
32433
32434
32439
32448
32454
32458
32461
32465
32470
32478
32483
32487
32490
32493
32498
32517
32531
32533
32536
32540
32543
32553
32557
32562
32572
32573
32574
32576
32578
32587
32588
32594
32601
32603
32613
32616
32622
32623
32624
32625
32626
32641
32672
32673
32677
32683
32689
32691
32693
32699
32711
32712
32714
32716
32717
32718
32719
32721
32722
32723
32724
32726
32730
32734
32741
32748
32752
32755
32760
32768
32769
32771
32772
32777
32783
32785
32788
32791
32795
32796
32799
32801
32803
32805
32812
32813
32819
32823
32825
32827
32830
32834
32845
32847
32848
32851
32869
32874
32875
32876
32880
32881
32884
32887
32888
32889
32892
32894
32896
32897
32898
32899
32903
32920
32922
32924
32925
32928
32929
32935
32938
32941
32943
32946
32949
32952
32953
32965
32969
32976
32979
32985
32998
33011
33018
33021
33022
33026
33028
33035
33056
33057
33063
33064
33065
33077
33083
33094
33097
33106
33118
33119
33130
33132
33136
33139
33141
33145
33147
33150
33152
33153
33155
33170
33173
33184
33190
33192
33198
33199
33207
33220
33224
33225
33227
33228
33233
33237
33239
33240
33242
33245
33246
33249
33253
33268
33269
33273
33280
33288
33289
33292
33293
33294
33297
33300
33302
33303
33309
33319
33320
33321
33324
33327
33333
33335
33340
33344
33346
33347
33356
33357
33372
33374
33385
33388
33393
33397
33398
33404
33417
33420
33425
33437
33438
33439
33445
33446
33457
33468
33470
33473
33474
33478
33479
33481
33487
33488
33499
33501
33504
33507
33514
33523
33531
33532
33533
33537
33543
33552
33554
33555
33557
33568
33574
33579
33580
33585
33588
33592
33593
33598
33600
33604
33605
33610
33611
33613
33615
33620
33621
33624
33633
33635
33636
33641
33648
33649
33658
33665
33674
33685
33688
33693
33703
33704
33708
33709
33718
33722
33726
33727
33728
33729
33735
33739
33745
33748
33749
33753
33754
33760
33764
33766
33767
33770
33775
33784
33786
33798
33800
33802
33807
33809
33814
33818
33821
33822
33825
33829
33833
33854
33855
33856
33857
33859
33860
33868
33874
33875
33876
33877
33881
33886
33894
33898
33902
33903
33906
33910
33913
33917
33921
33931
33933
33936
33937
33945
33948
33952
33954
33957
33959
33967
33973
33975
33977
33981
33988
33989
33992
33994
33996
33997
33998
33999
34017
34021
34022
34027
34030
34031
34032
34043
34044
34047
34051
34053
34057
34060
34061
34062
34066
34070
34072
34074
34079
34082
34084
34087
34089
34090
34094
34096
34100
34102
34104
34115
34127
34132
34136
34139
34146
34148
34151
34153
34156
34159
34161
34162
34163
34164
34173
34174
34175
34183
34185
34188
34189
34190
34191
34192
34194
34197
34198
34199
34202
34208
34211
34214
34216
34223
34226
34228
34231
34238
34243
34263
34269
34270
34275
34281
34282
34283
34285
34289
34307
34311
34312
34316
34321
34324
34327
34333
34334
34342
34343
34356
34359
34362
34365
34371
34373
34375
34380
34384
34388
34391
34392
34397
34398
34399
34402
34404
34405
34415
34421
34426
34427
34429
34431
34432
34433
34436
34438
34446
34447
34449
34456
34464
34467
34468
34472
34477
34483
34491
34492
34495
34496
34498
34503
34504
34508
34511
34514
34515
34519
34521
34522
34524
34528
34534
34537
34545
34548
34549
34555
34565
34566
34570
34574
34577
34588
34597
34608
34619
34624
34625
34632
34633
34636
34650
34652
34653
34655
34677
34689
34690
34692
34695
34696
34703
34711
34713
34721
34722
34724
34734
34736
34737
34738
34741
34742
34748
34749
34762
34766
34767
34772
34777
34800
34801
34803
34806
34809
34812
34827
34828
34835
34839
34840
34852
34856
34858
34863
34869
34884
34891
34903
34904
34905
34913
34914
34915
34917
34920
34930
34937
34940
34943
34953
34964
34965
34973
34977
34983
34984
34986
34989
34990
34991
34993
35004
35009
35011
35020
35023
35028
35030
35037
35046
35049
35051
35052
35053
35057
35062
35064
35070
35073
35085
35090
35093
35096
35099
35101
35106
35107
35111
35119
35123
35124
35127
35130
35131
35134
35145
35146
35150
35151
35153
35154
35157
35159
35162
35165
35169
35175
35183
35187
35189
35192
35201
35204
35206
35210
35213
35222
35237
35238
35239
35247
35252
35263
35267
35272
35273
35274
35276
35284
35287
35289
35295
35300
35306
35311
35313
35315
35317
35321
35325
35328
35330
35331
35333
35338
35339
35343
35344
35346
35358
35360
35363
35374
35376
35377
35379
35381
35387
35388
35389
35390
35395
35396
35397
35398
35399
35401
35402
35403
35409
35413
35416
35418
35425
35431
35437
35438
35440
35442
35443
35459
35463
35464
35465
35466
35479
35489
35494
35501
35503
35505
35508
35510
35512
35513
35516
35518
35524
35529
35531
35536
35540
35541
35544
35549
35551
35555
35558
35561
35570
35576
35585
35593
35600
35603
35604
35615
35616
35617
35618
35619
35620
35624
35626
35634
35636
35637
35639
35644
35646
35649
35653
35654
35655
35656
35661
35662
35663
35664
35666
35668
35669
35673
35679
35683
35687
35689
35692
35710
35711
35712
35723
35724
35725
35727
35728
35730
35731
35733
35734
35738
35739
35749
35751
35753
35758
35768
35776
35777
35779
35781
35784
35787
35789
35791
35800
35804
35808
35814
35815
35818
35820
35822
35824
35826
35833
35835
35839
35843
35847
35850
35855
35856
35862
35874
35880
35882
35886
35891
35892
35902
35905
35911
35915
35916
35924
35925
35932
35937
35941
35942
35943
35944
35945
35946
35955
35962
35965
35972
35977
35980
35985
35986
35987
35988
35991
35993
35995
35997
35999
36000
36010
36017
36027
36030
36031
36032
36035
36041
36045
36046
36049
36050
36057
36059
36061
36066
36067
36068
36073
36076
36078
36081
36083
36091
36092
36098
36104
36106
36107
36112
36113
36120
36122
36134
36136
36143
36149
36167
36181
36182
36191
36200
36204
36212
36213
36218
36230
36236
36238
36245
36247
36251
36254
36258
36259
36266
36267
36274
36275
36277
36287
36291
36297
36299
36310
36314
36322
36326
36330
36331
36337
36340
36343
36346
36347
36357
36364
36366
36371
36374
36378
36381
36383
36388
36392
36394
36399
36400
36406
36417
36425
36428
36435
36437
36438
36440
36451
36452
36463
36464
36474
36478
36483
36485
36487
36488
36489
36495
36497
36511
36512
36520
36533
36534
36535
36539
36548
36549
36552
36553
36554
36556
36558
36561
36576
36578
36589
36596
36601
36602
36603
36611
36612
36616
36618
36621
36623
36633
36635
36636
36637
36638
36641
36647
36654
36659
36660
36661
36662
36664
36666
36669
36672
36676
36679
36691
36701
36703
36705
36706
36707
36712
36714
36718
36719
36722
36723
36728
36730
36732
36733
36756
36758
36762
36763
36768
36782
36783
36785
36788
36790
36791
36792
36795
36799
36805
36807
36808
36811
36813
36814
36818
36822
36825
36831
36834
36841
36843
36852
36858
36860
36861
36862
36864
36869
36873
36875
36881
36887
36896
36898
36903
36905
36908
36913
36918
36921
36924
36929
36932
36945
36951
36953
36956
36957
36965
36969
36972
36973
36975
36981
36982
36994
