3つ共通しているインデックス
15
54
108
142
229
237
313
347
352
358
370
433
447
532
576
616
641
663
670
671
672
713
766
797
805
840
846
912
944
979
1002
1028
1082
1177
1209
1255
1279
1314
1329
1374
1441
1510
1620
1646
1650
1694
1728
1754
1757
1777
1788
1907
1956
1957
1986
1989
2020
2051
2064
2091
2108
2174
2187
2215
2283
2387
2394
2408
2494
2531
2533
2542
2575
2592
2672
2702
2731
2761
2791
2822
2834
2870
2888
2904
2908
3007
3013
3022
3023
3079
3183
3194
3195
3200
3381
3383
3439
3486
3513
3532
3575
3578
3648
3696
3698
3700
3734
3756
3773
3774
3790
3798
3799
3800
3808
3815
3827
3847
3921
3986
4008
4057
4060
4061
4118
4188
4200
4218
4232
4239
4254
4298
4306
4307
4380
4438
4461
4505
4510
4544
4625
4652
4667
4673
4750
4772
4811
4816
4835
4857
4867
4891
4897
4936
4941
4968
5003
5055
5070
5072
5090
5094
5134
5156
5166
5179
5188
5215
5230
5241
5293
5436
5523
5527
5534
5625
5628
5661
5701
5723
5819
5905
5920
5935
5949
5964
6000
6016
6021
6038
6056
6061
6107
6125
6129
6184
6199
6251
6263
6274
6305
6343
6364
6378
6383
6393
6395
6400
6405
6420
6471
6490
6552
6578
6580
6607
6629
6677
6685
6698
6742
6753
6772
6786
6874
6892
6893
6911
7018
7052
7064
7102
7287
7323
7326
7388
7450
7478
7498
7530
7571
7583
7590
7653
7704
7718
7731
7754
7782
7788
7797
7828
7856
7871
7875
7896
7942
7981
7986
8008
8029
8066
8093
8099
8120
8127
8205
8290
8305
8333
8344
8375
8378
8396
8480
8491
8511
8514
8541
8552
8554
8652
8690
8703
8742
8781
8828
8879
8942
8994
9000
9036
9166
9195
9220
9235
9256
9258
9264
9298
9308
9326
9348
9443
9455
9478
9496
9590
9600
9629
9638
9667
9776
9803
9855
9864
9902
9904
9929
9968
9997
10006
10015
10019
10023
10084
10131
10253
10273
10338
10352
10379
10449
10471
10494
10519
10524
10602
10645
10650
10659
10678
10745
10789
10847
10878
10948
10979
10999
11001
11019
11055
11057
11114
11120
11145
11193
11228
11289
11343
11398
11430
11439
11447
11453
11461
11526
11539
11568
11628
11653
11669
11671
11672
11702
11731
11788
11807
11889
11916
11935
11961
12009
12036
12114
12116
12133
12163
12173
12174
12180
12245
12287
12310
12346
12347
12384
12442
12477
12538
12653
12697
12706
12712
12718
12731
12745
12780
12793
12823
12839
12903
12955
12992
13096
13143
13164
13233
13341
13352
13379
13415
13417
13433
13445
13487
13495
13515
13525
13538
13571
13607
13663
13684
13702
13765
13783
13810
13813
13862
13885
13932
13984
14029
14084
14101
14229
14232
14256
14269
14276
14320
14384
14462
14487
14494
14534
14604
14628
14639
14655
14661
14675
14676
14727
14751
14769
14845
14889
14896
14911
14927
15015
15085
15093
15115
15151
15220
15231
15355
15452
15460
15475
15502
15516
15523
15532
15597
15610
15619
15652
15738
15739
15783
15855
15877
15908
15917
15959
15975
15997
16005
16037
16039
16067
16086
16211
16240
16275
16320
16415
16503
16515
16532
16538
16564
16615
16655
16659
16677
16765
16785
16859
16877
16878
16914
16940
16943
17007
17028
17032
17084
17086
17130
17159
17165
17180
17204
17208
17242
17263
17270
17273
17347
17454
17518
17532
17542
17580
17587
17590
17645
17648
17711
17713
17729
17820
17823
17825
17870
17918
17926
17932
17946
17960
17974
18038
18045
18087
18107
18137
18243
18262
18269
18277
18330
18345
18369
18377
18414
18445
18459
18465
18466
18474
18483
18527
18588
18638
18660
18662
18698
18759
18786
18807
18837
18855
18877
18993
19021
19030
19032
19075
19077
19088
19103
19151
19199
19238
19261
19284
19308
19322
19354
19395
19401
19412
19480
19583
19588
19593
19596
19631
19649
19716
19744
19793
19829
19869
19874
19937
19951
19971
19990
20000
20055
20057
20060
20087
20110
20121
20131
20219
20302
20305
20321
20374
20380
20426
20451
20455
20459
20466
20495
20509
20528
20548
20563
20586
20601
20668
20670
20695
20701
20728
20751
20756
20781
20789
20790
20799
20877
20930
20962
21046
21059
21071
21081
21085
21090
21111
21115
21117
21180
21256
21268
21270
21291
21415
21443
21461
21487
21489
21566
21597
21605
21640
21642
21667
21704
21737
21771
21871
21877
21901
21939
21986
21987
21993
22022
22038
22095
22109
22156
22168
22171
22175
22190
22202
22225
22263
22269
22273
22275
22291
22299
22389
22404
22431
22432
22475
22500
22539
22544
22551
22607
22640
22642
22665
22690
22703
22711
22727
22738
22743
22797
22824
22827
22830
22845
22930
22958
22995
23031
23111
23131
23148
23155
23202
23277
23287
23433
23442
23529
23675
23735
23745
23753
23784
23789
23898
23908
23959
23970
23976
23983
24009
24037
24071
24086
24158
24160
24163
24182
24230
24235
24280
24307
24316
24383
24445
24490
24565
24576
24617
24627
24652
24708
24710
24734
24808
24819
24821
24828
24902
24930
24949
25029
25072
25104
25111
25179
25187
25194
25237
25307
25332
25348
25412
25427
25438
25458
25547
25594
25630
25648
25705
25725
25726
25730
25771
25925
26070
26105
26128
26162
26221
26248
26329
26345
26356
26358
26372
26410
26459
26487
26498
26503
26512
26521
26534
26569
26598
26610
26617
26618
26660
26719
26729
26767
26778
26803
26815
26849
26932
26956
27037
27064
27160
27183
27194
27195
27199
27305
27307
27312
27400
27411
27461
27484
27500
27501
27509
27518
27605
27619
27623
27670
27687
27698
27783
27787
27790
27812
27823
27894
27989
28031
28034
28045
28048
28054
28062
28091
28128
28145
28151
28190
28199
28208
28220
28233
28332
28346
28354
28365
28402
28405
28407
28409
28422
28432
28515
28529
28588
28589
28664
28679
28716
28719
28738
28776
28794
28827
28864
28881
28882
28894
28910
28912
28921
28938
28993
29014
29024
29082
29119
29123
29133
29155
29162
29209
29258
29279
29326
29380
29394
29448
29450
29454
29498
29501
29536
29557
29599
29617
29643
29650
29693
29708
29737
29752
29757
29761
29822
29899
29922
30000
30010
30049
30106
30114
30298
30309
30381
30384
30432
30454
30455
30478
30481
30492
30499
30516
30518
30538
30550
30553
30602
30607
30673
30747
30751
30753
30770
30784
30844
30848
30935
30946
30950
30987
31062
31077
31103
31123
31153
31204
31248
31256
31299
31303
31313
31353
31369
31438
31472
31518
31568
31571
31621
31631
31644
31665
31670
31683
31715
31797
31887
31894
31902
32043
32133
32157
32199
32283
32326
32364
32399
32415
32476
32521
32526
32553
32560
32596
32623
32659
32681
32694
32717
32730
32747
32770
32778
32799
32833
32848
32850
32888
32941
32949
32952
33053
33060
33063
33084
33174
33187
33239
33241
33409
33477
33540
33544
33550
33588
33660
33687
33746
33760
33766
33809
33825
33928
33977
33989
34041
34072
34100
34101
34136
34144
34152
34188
34191
34255
34275
34276
34290
34310
34372
34429
34436
34463
34464
34488
34496
34505
34534
34551
34576
34590
34619
34674
34725
34775
34799
34802
34814
34818
34874
34898
34980
34998
35001
35024
35056
35070
35123
35124
35155
35167
35213
35245
35254
35259
35284
35333
35402
35418
35438
35458
35466
35481
35535
35537
35541
35558
35627
35628
35636
35656
35712
35733
35749
35808
35826
35843
35913
35946
36007
36027
36028
36030
36171
36176
36236
36263
36270
36346
36370
36389
36394
36426
36436
36446
36482
36509
36549
36558
36586
36632
36633
36641
36698
36699
36708
36719
36774
36790
36834
36841
36915
36995

2つ共通しているインデックス(file1&file2)
17
464
795
818
820
899
1016
1090
1403
1528
1760
1845
2009
2136
2237
2430
2435
2454
2548
2697
2766
2944
2998
3001
3076
4534
4744
5140
5650
5854
5859
5952
5999
6293
6496
6621
6655
6962
7422
7659
7732
8117
8230
9001
9192
9525
9604
9770
9974
10030
10046
10065
10160
10226
10377
10514
10596
10597
11886
11949
12006
12288
12443
12508
12630
13409
13787
14518
14794
15215
15417
15868
15909
16191
16396
16451
16648
16837
16876
17076
17198
17294
17409
17787
17797
18055
18248
18303
19043
19216
19277
19278
19836
20154
20285
20532
20579
20740
21004
21192
21499
21900
21980
22115
22512
22525
22568
22964
22984
23660
24017
24180
24741
24805
24897
25536
25546
25656
25659
26101
26508
26522
26572
26593
26781
26946
27275
27423
27901
28051
28799
28819
28967
29389
29669
29810
29834
29938
29970
30037
30124
30218
30221
30648
30742
30748
31666
31777
31915
32049
32101
32169
32191
32287
32634
33604
33934
34009
34174
34312
34954
34970
35041
35053
35306
35311
35571
35620
35639
35789
35932
35961
36076
36210
36324
36412
36957

2つ共通しているインデックス(file2&file3)
242
258
287
525
711
758
959
1139
1183
1260
1352
1516
1644
1703
1921
1976
2025
2144
2208
2252
2716
2719
2886
3557
3699
3839
3888
3941
3959
4494
4502
4682
4929
5060
5271
5291
5342
5359
5798
5848
5882
6063
6294
6487
6503
6609
6745
6797
6880
6904
6972
6989
7555
7605
7688
7817
7863
7889
7955
8035
8145
8319
8405
8469
9026
9070
9092
9217
9316
9547
9757
9925
10017
10154
10190
10240
10266
10374
10486
10830
10841
11150
11336
11359
11366
11368
11391
11465
11543
11547
11668
12322
12458
12461
12577
12750
12757
13455
13476
13547
13565
13713
13796
13823
13876
13883
14357
14520
14616
14733
14980
14985
14997
15011
15053
15054
15105
15421
15509
15524
15860
15978
16030
16047
16107
16214
16268
16447
16496
16518
16621
16625
16713
16872
16898
16912
16933
16934
17168
17335
17415
17613
17681
17764
17857
17935
18168
18228
18296
18435
18463
18524
18661
18763
18843
18907
18939
19070
19097
19287
19455
19616
19685
19790
19820
20080
20196
20323
20568
20661
20698
20861
20911
21226
21338
21368
21751
21954
22043
22077
22120
22243
22246
22352
22364
22616
22701
22793
23050
23073
23173
23494
23701
23777
24022
24121
24186
24505
24602
24603
25080
25117
25320
25390
25411
25500
25541
25835
25883
25940
26042
26195
26504
26674
27179
27218
27276
27419
27437
27527
27786
27863
27959
28170
28191
28397
28498
28812
29105
29221
29331
29403
29667
29807
29843
29907
29940
29967
29986
30084
30133
30246
30261
30439
30507
30513
30600
30659
30679
30693
30738
30774
30982
31004
31076
31286
31301
31366
31838
31982
32076
32090
32278
32454
32461
32477
32497
32566
32785
32842
32866
32946
33065
33127
33318
33343
33428
33468
33847
33908
34239
34282
34378
34393
34667
34772
34924
35157
35197
35256
35325
35607
35667
35668
35671
35779
35807
35840
35886
35908
35924
36058
36218
36312
36329
36470
36479
36629
36656
36681
36950

2つ共通しているインデックス(file3&file1)
23
357
1231
1533
1657
1922
2086
2124
2536
2760
2778
2833
2979
3223
4047
4071
4384
4488
4796
4851
5346
5399
5582
5672
5884
5916
5987
6162
6276
6362
6456
6559
6647
6687
7059
7103
7259
7461
7510
7766
8009
8034
8172
8496
8525
8573
8741
8755
8952
8958
9119
9124
9148
9312
9693
9716
9728
10242
10358
10756
11023
11693
11796
12275
12543
12616
12719
12747
12932
13435
13546
13553
13662
13950
14062
14107
14503
14633
14904
15146
15154
15178
15534
15566
15723
16063
16413
16530
16557
16843
17330
17344
17351
17549
17568
18615
19647
19903
20145
20146
20280
20591
20923
20963
21018
21080
21083
21160
21351
21424
21523
21559
22146
22153
22188
22298
22504
22718
22771
23275
23606
23654
23794
23923
24165
24347
24392
24609
24641
24661
25160
25305
25352
25525
25860
26004
26450
26912
26945
27433
27606
27965
28155
28168
28176
28392
28471
28587
28692
28721
28876
28960
29210
29534
30119
30132
30401
30406
30608
30627
31253
31412
31413
31446
31459
31483
31895
32038
32209
32225
32286
32637
32743
32993
33186
33294
33397
33577
33750
33793
33801
33858
33899
34004
34015
34247
34332
34577
34636
34722
34735
34741
34792
34920
35046
35127
35163
35373
35413
35507
36226
36302
36469
36709
36742
36807
36811
36825

1つも共通しないインデックス(file1)
132
356
399
432
518
802
890
900
1168
1182
1265
1438
1442
1494
1513
1949
2006
2318
2402
2442
2665
2862
3084
3209
3247
3412
3420
3437
3593
3632
3746
3801
3816
4059
4107
4153
4318
4368
4595
4734
4848
5005
5131
5310
5401
5408
5664
5836
6354
6356
6513
6635
6676
6695
6791
7066
7094
7119
7173
7181
7305
7470
7950
8017
8054
8257
8296
8443
8566
8618
8678
8738
9198
9301
9361
9579
9738
9909
10110
10284
10434
10473
10512
10560
10605
10729
10904
10927
11027
11403
11416
11545
11601
11909
11930
11975
11980
12030
12229
12571
12628
12771
12779
12832
12845
12950
12980
13132
13271
13320
13387
13725
13843
13888
13894
14038
14250
14278
14366
14543
14615
14736
14745
14850
15055
15373
15414
15501
15538
15547
15582
15595
15685
15704
15833
15911
15934
16023
16129
16151
16249
16299
16359
16509
16606
16613
16827
16955
17047
17116
17183
17425
17533
17636
17883
18065
18116
18161
18187
19037
19118
19119
19334
19361
19446
19513
19515
19634
19707
19723
19734
20204
20370
20464
20556
20559
20576
20727
20917
21426
21644
21749
21915
21938
22015
22098
22126
22163
22209
22417
22508
22558
22582
22664
22742
22757
22779
22839
22875
22945
23002
23055
23057
23151
23205
23248
23495
23583
23596
23607
23707
23728
23780
23840
23932
23947
23950
24155
24174
24274
24285
24365
24415
24462
24510
24534
24779
24789
24820
24916
24940
24980
25011
25063
25089
25219
25269
25485
25513
25550
25570
25576
25697
25931
26514
26515
26712
26814
26952
27200
27328
27392
27412
27556
27564
27709
27920
27925
27942
27998
28183
28206
28246
28283
28474
28552
28631
28747
28856
28893
29019
29226
29339
29357
29568
29573
29632
29985
30117
30219
30229
30282
30312
30327
30451
30794
30995
31016
31279
31300
31543
31553
31596
31658
31716
31823
32061
32112
32156
32371
32579
32748
32923
32965
33115
33254
33482
33676
33682
34007
34068
34151
34243
34267
34412
34446
34728
34930
35219
35328
35444
35503
35661
35773
35817
35982
36048
36092
36126
36234
36464
36503
36761
36779

1つも共通しないインデックス(file2)
25
56
107
183
420
424
428
453
692
699
771
867
879
889
1013
1015
1044
1213
1226
1272
1362
1371
1440
1721
1838
2140
2265
2277
2289
2326
2382
2523
2561
2597
2725
2741
2884
3009
3045
3178
3190
3212
3365
3376
3391
3460
3615
3633
3730
3755
3863
3884
3901
3954
4035
4140
4191
4215
4248
4332
4333
4558
4628
4663
4722
4769
4794
4818
4885
4963
5011
5081
5209
5235
5257
5294
5321
5354
5405
5608
5635
5639
5736
5765
5791
5867
5871
5890
5922
5936
5945
6031
6161
6189
6243
6270
6299
6399
6410
6452
6478
6624
6661
6686
6720
6828
6901
6926
6947
7024
7109
7130
7184
7217
7271
7288
7327
7460
7635
7678
7720
7736
7758
7759
8038
8183
8226
8239
8310
8400
8528
8676
8717
8726
8893
8933
8974
9080
9183
9203
9372
9429
9517
9518
9540
9549
9584
9723
9772
9802
9939
10018
10263
10275
10311
10381
10495
10555
10621
10646
10871
10958
10984
11074
11211
11249
11276
11301
11306
11405
11417
11587
11620
11699
11771
11801
11818
11854
11858
12074
12129
12159
12178
12187
12216
12472
12478
12579
12782
12838
13005
13059
13256
13288
13407
13420
13429
13531
13605
13614
13615
13625
13695
13706
13709
13743
13784
13901
14036
14131
14134
14292
14297
14317
14322
14358
14361
14388
14463
14597
14823
14918
15061
15071
15127
15150
15313
15427
15579
15580
15642
15698
15727
15870
15897
15999
16002
16055
16098
16115
16119
16137
16316
16401
16404
16423
16459
16527
16679
17004
17045
17101
17108
17231
17243
17256
17418
17464
17534
17546
17558
17742
17743
17773
17875
17909
17996
18136
18509
18538
18728
18871
18923
19263
19300
19397
19464
19475
19506
19541
19560
19591
19622
19651
19735
19878
19904
19931
20004
20022
20024
20107
20187
20212
20282
20489
20515
20587
20681
20716
20779
20783
20904
20928
20966
21036
21093
21156
21174
21190
21209
21282
21439
21530
21540
21608
21682
21683
21727
21728
21828
21855
22034
22069
22081
22106
22205
22268
22325
22334
22339
22349
22394
22454
22527
22633
22678
22840
22902
22987
23115
23123
23132
23160
23168
23242
23354
23472
23507
23515
23622
23626
23839
23854
23890
23899
23978
24021
24145
24179
24333
24339
24434
24722
24754
24951
24960
24991
25020
25180
25199
25205
25210
25288
25361
25368
25372
25433
25523
25612
25616
25617
25636
25639
25653
25836
25873
25878
25942
25985
26134
26404
26462
26597
26620
26638
26673
26675
26694
26698
26794
26829
26852
26884
26998
27045
27209
27255
27319
27553
27781
27794
27839
27860
27936
27963
28003
28033
28255
28295
28298
28338
28564
28641
28681
28777
28787
28866
28917
28952
29042
29054
29126
29387
29396
29428
29457
29481
29487
29535
29575
29590
29601
29647
29774
29923
29932
30087
30164
30214
30331
30349
30370
30392
30427
30476
30556
30557
30570
30667
30890
31051
31211
31346
31391
31395
31454
31535
31802
31892
31907
31923
31986
32009
32098
32114
32115
32174
32226
32247
32267
32277
32305
32374
32404
32428
32465
32481
32557
32673
32715
32719
32731
32839
32847
33094
33154
33210
33249
33328
33372
33401
33474
33504
33518
33551
33623
33641
33823
33826
33850
33900
34019
34179
34197
34344
34374
34421
34512
34541
34585
34616
34726
34766
34783
34790
34824
34843
34911
34916
35130
35173
35350
35426
35459
35462
35476
35511
35555
35614
35802
35860
35883
35891
35971
35985
36191
36208
36294
36320
36339
36357
36369
36452
36481
36522
36548
36551
36565
36590
36597
36712
36720
36743
36768
36793
36800
36803
36861
36864
36905

1つも共通しないインデックス(file3)
13
60
96
172
181
186
330
349
398
444
538
559
561
587
695
706
872
906
946
947
1050
1078
1107
1334
1379
1395
1413
1418
1520
1546
1565
1601
1642
1762
1774
1791
1846
2030
2067
2129
2201
2209
2213
2216
2236
2255
2297
2301
2343
2354
2389
2399
2447
2569
2583
2788
2863
2881
2890
2914
2936
2939
2946
2982
3106
3109
3124
3184
3222
3403
3546
3679
3685
3865
4018
4135
4146
4169
4175
4224
4292
4293
4315
4344
4356
4388
4401
4634
4678
4714
4731
4834
4971
5224
5325
5463
5480
5496
5502
5520
5712
5737
5804
5842
5844
5846
5861
5891
5895
5930
5951
6157
6167
6183
6196
6244
6273
6303
6349
6386
6391
6394
6396
6398
6596
6601
6708
6823
6852
6891
6894
6914
6937
6974
7042
7082
7085
7120
7138
7170
7328
7386
7390
7448
7449
7464
7652
7672
7691
7692
7698
7785
7827
7833
7838
8074
8091
8111
8137
8197
8288
8316
8334
8342
8345
8465
8593
8793
8847
8854
8876
8887
8945
9024
9102
9199
9202
9252
9275
9379
9401
9489
9504
9580
9605
9642
9703
9741
9748
9831
9906
10025
10035
10050
10062
10126
10289
10454
10628
10705
10762
10781
10798
10894
10985
10994
11117
11134
11162
11202
11308
11360
11415
11428
11433
11506
11520
11675
11742
11787
12122
12127
12208
12299
12342
12371
12420
12485
12533
12560
12564
12575
12590
12661
12677
12708
12830
12934
12947
13042
13128
13138
13194
13205
13208
13213
13247
13255
13346
13361
13377
13384
13482
13575
13580
13664
13824
13845
13892
13945
14034
14075
14079
14138
14207
14233
14285
14380
14383
14426
14454
14542
14546
14579
14651
14659
14660
14674
14908
14977
15072
15180
15224
15240
15243
15356
15411
15455
15796
15802
15851
15881
15906
15923
16027
16106
16179
16277
16309
16361
16363
16548
16569
16585
16657
16666
16773
16815
17020
17029
17103
17111
17297
17343
17512
17575
17607
17644
17786
17940
17963
17979
18031
18167
18202
18255
18271
18274
18276
18311
18405
18529
18544
18559
18589
18595
18708
18732
18746
18853
18860
18976
19018
19328
19390
19436
19466
19574
19629
19630
19639
19642
19686
19846
19954
20012
20059
20093
20150
20249
20258
20308
20318
20391
20394
20416
20478
20484
20554
20598
20733
20817
20833
20875
20878
20885
20973
21016
21108
21147
21185
21328
21385
21451
21514
21554
21579
21611
21645
21665
21706
21753
21957
21962
21994
22118
22134
22238
22258
22279
22416
22448
22476
22502
22531
22541
22630
22669
22679
22787
22843
22898
22921
22979
23066
23085
23108
23124
23158
23216
23405
23410
23550
23619
23630
23673
23727
23759
23787
23847
23895
23918
24133
24214
24261
24561
24586
24646
24673
24761
25003
25076
25127
25231
25265
25310
25442
25453
25655
25687
25729
25757
25837
25845
25867
25955
26022
26047
26049
26055
26092
26172
26186
26234
26313
26506
26549
26558
26601
26613
26692
26697
26793
26817
27093
27148
27203
27213
27237
27248
27297
27380
27496
27507
27537
27644
27652
27767
27924
27978
28006
28099
28294
28469
28521
28538
28540
28644
28655
28665
28704
28729
28789
28800
28834
28850
28868
28871
28890
28925
28998
29028
29320
29479
29579
29607
29683
29691
29723
29744
29840
29887
29916
30006
30065
30095
30105
30116
30193
30211
30256
30330
30345
30382
30390
30405
30424
30426
30458
30464
30571
30625
30687
30729
30782
30808
30817
30828
30842
30885
30893
31140
31142
31232
31236
31305
31320
31334
31359
31527
31566
31581
31603
31682
31730
31761
31787
31794
31803
31829
31837
31919
32011
32085
32145
32159
32301
32320
32365
32433
32525
32559
32590
32752
32754
32767
32820
32828
32978
32979
33007
33012
33142
33211
33263
33332
33414
33484
33546
33656
33820
33925
33942
34076
34095
34165
34203
34279
34297
34386
34390
34422
34454
34456
34462
34501
34561
34580
34612
34721
34723
34751
34809
34817
34852
34860
34926
34979
35003
35012
35050
35057
35179
35222
35233
35275
35341
35512
35610
35716
35732
35758
35907
35921
36078
36130
36146
36189
36268
36344
36361
36442
36646
36758
36846

