0
3
10
12
16
19
22
23
25
28
30
32
33
36
40
43
46
47
48
49
51
53
55
58
61
64
68
69
70
71
73
75
77
79
80
81
88
89
93
102
103
104
106
107
108
110
113
121
122
124
128
131
133
135
136
137
139
141
143
147
148
149
153
156
158
161
166
167
168
169
170
171
174
175
177
179
180
182
183
184
185
187
188
189
190
191
192
195
196
199
201
204
205
207
209
212
215
217
218
225
226
227
230
231
232
235
236
237
238
240
241
243
246
247
248
249
252
253
255
258
259
260
262
263
265
267
268
272
273
277
280
281
282
285
286
287
288
290
291
292
298
300
301
302
303
305
306
317
318
324
325
329
330
333
337
338
340
341
346
347
350
351
352
354
355
356
359
364
366
368
370
371
373
374
375
377
378
380
381
383
385
388
390
393
397
398
400
401
402
404
406
407
409
412
418
419
421
425
426
429
431
433
434
435
436
437
440
441
442
443
444
445
446
447
448
450
451
452
454
455
457
458
461
463
464
466
467
471
472
475
481
484
493
496
501
502
503
506
510
511
512
515
517
520
522
523
524
525
526
528
530
532
534
535
536
537
539
541
542
544
545
547
549
552
554
556
558
559
560
562
564
565
572
573
575
578
580
583
584
587
591
595
596
597
600
601
605
607
609
612
613
616
617
618
619
620
621
629
635
637
638
639
641
643
646
656
659
660
663
664
665
666
667
671
673
675
677
678
680
681
685
687
688
691
693
695
696
697
698
699
701
702
704
707
710
714
715
717
718
719
720
722
723
725
726
727
731
732
735
736
737
739
741
743
748
749
753
754
756
759
762
763
766
768
773
775
776
778
779
785
787
790
791
792
795
797
800
801
802
803
804
805
806
807
808
818
821
823
826
831
832
835
836
841
844
845
847
849
850
851
857
858
859
862
863
864
866
869
876
877
880
882
883
884
885
886
890
892
893
898
899
901
902
904
905
908
911
912
916
917
920
922
923
926
931
934
935
936
937
942
943
948
951
952
953
954
955
958
965
966
967
968
969
971
975
977
978
980
982
987
990
991
992
996
997
999
1000
1007
1008
1010
1011
1014
1015
1018
1019
1023
1025
1026
1027
1033
1034
1035
1037
1038
1043
1045
1046
1048
1049
1050
1053
1054
1055
1057
1058
1060
1063
1065
1066
1067
1068
1071
1073
1077
1078
1082
1083
1084
1087
1088
1089
1090
1092
1094
1096
1099
1105
1107
1108
1110
1111
1116
1118
1120
1121
1124
1126
1127
1128
1129
1131
1135
1138
1141
1144
1146
1148
1149
1157
1160
1165
1168
1170
1171
1172
1175
1177
1178
1179
1180
1183
1184
1188
1190
1191
1193
1195
1197
1198
1199
1200
1206
1208
1209
1211
1213
1216
1219
1220
1223
1225
1226
1227
1229
1234
1235
1239
1240
1243
1246
1247
1248
1251
1252
1258
1261
1262
1267
1271
1277
1278
1279
1282
1285
1292
1293
1294
1299
1302
1303
1304
1308
1310
1315
1317
1319
1324
1328
1329
1331
1335
1337
1339
1340
1342
1344
1346
1347
1348
1349
1350
1353
1358
1359
1360
1361
1370
1371
1372
1374
1375
1378
1381
1382
1383
1384
1385
1388
1389
1392
1396
1398
1402
1405
1408
1409
1410
1413
1415
1417
1418
1421
1422
1426
1428
1429
1431
1432
1434
1436
1437
1438
1439
1447
1453
1454
1455
1458
1460
1462
1463
1465
1466
1467
1468
1469
1471
1474
1475
1476
1479
1483
1484
1487
1488
1490
1491
1496
1498
1499
1500
1503
1504
1508
1513
1514
1516
1519
1520
1522
1523
1525
1529
1532
1533
1534
1542
1543
1544
1545
1546
1547
1548
1549
1551
1552
1553
1555
1556
1557
1559
1560
1561
1565
1567
1569
1572
1574
1576
1578
1579
1581
1582
1585
1586
1588
1589
1590
1591
1596
1597
1598
1601
1602
1605
1609
1612
1613
1614
1615
1617
1623
1624
1625
1627
1629
1630
1631
1632
1635
1636
1640
1641
1644
1647
1648
1649
1652
1653
1656
1658
1660
1662
1664
1668
1669
1673
1674
1675
1678
1681
1682
1683
1686
1687
1688
1691
1694
1702
1703
1704
1705
1706
1708
1711
1713
1715
1718
1719
1720
1721
1723
1726
1728
1729
1730
1731
1734
1736
1737
1741
1744
1746
1747
1748
1750
1751
1752
1755
1756
1757
1758
1759
1760
1761
1763
1764
1765
1768
1773
1774
1776
1777
1780
1782
1783
1787
1790
1791
1792
1796
1798
1799
1804
1810
1814
1815
1817
1818
1820
1822
1824
1825
1831
1832
1833
1834
1836
1839
1841
1843
1844
1847
1848
1849
1853
1855
1857
1859
1860
1861
1863
1864
1865
1872
1873
1875
1876
1877
1878
1880
1881
1884
1885
1886
1887
1895
1897
1903
1904
1905
1906
1907
1909
1910
1912
1913
1918
1919
1921
1922
1923
1932
1934
1935
1936
1937
1941
1946
1947
1948
1949
1954
1955
1964
1965
1969
1973
1974
1977
1978
1980
1982
1983
1984
1987
1988
1989
1992
1996
1999
2003
2007
2010
2013
2015
2017
2019
2021
2022
2023
2024
2029
2030
2032
2033
2036
2037
2038
2039
2040
2041
2042
2043
2049
2052
2056
2062
2067
2069
2071
2072
2074
2076
2080
2081
2082
2085
2086
2090
2094
2097
2098
2099
2101
2102
2104
2108
2109
2112
2113
2116
2117
2118
2122
2129
2131
2133
2134
2136
2137
2138
2140
2141
2143
2145
2150
2153
2154
2156
2157
2162
2166
2167
2168
2170
2173
2176
2178
2180
2184
2190
2191
2192
2197
2200
2202
2203
2205
2206
2209
2211
2212
2213
2218
2220
2221
2222
2223
2224
2225
2226
2227
2232
2236
2237
2239
2243
2245
2247
2250
2252
2255
2256
2257
2259
2263
2267
2268
2271
2277
2278
2285
2287
2288
2289
2290
2291
2293
2294
2296
2297
2299
2300
2304
2308
2313
2314
2316
2317
2319
2320
2321
2326
2328
2329
2330
2336
2337
2339
2340
2341
2348
2352
2353
2355
2358
2359
2360
2363
2367
2368
2369
2372
2374
2376
2377
2378
2380
2383
2386
2387
2388
2390
2391
2392
2397
2398
2401
2402
2405
2406
2410
2413
2414
2417
2418
2419
2420
2425
2426
2428
2430
2431
2433
2434
2435
2439
2440
2441
2444
2445
2447
2448
2451
2453
2456
2458
2466
2467
2471
2472
2473
2474
2477
2479
2480
2485
2488
2489
2490
2491
2492
2493
2495
2496
2498
2499
2504
2507
2511
2512
2513
2517
2518
2521
2523
2532
2533
2534
2536
2541
2543
2544
2546
2548
2552
2555
2556
2565
2566
2568
2569
2571
2572
2573
2576
2577
2580
2581
2582
2583
2584
2585
2586
2587
2589
2591
2594
2598
2603
2606
2609
2610
2614
2616
2617
2618
2619
2620
2621
2622
2624
2626
2629
2631
2632
2636
2638
2640
2646
2650
2651
2652
2655
2657
2659
2664
2666
2667
2670
2671
2675
2677
2680
2683
2684
2686
2687
2690
2692
2696
2701
2702
2703
2704
2707
2708
2712
2713
2714
2716
2718
2720
2721
2723
2725
2726
2728
2731
2732
2733
2734
2735
2736
2741
2742
2745
2746
2748
2749
2751
2752
2755
2756
2759
2760
2762
2763
2767
2768
2770
2771
2772
2773
2774
2784
2787
2790
2798
2799
2800
2807
2809
2810
2812
2814
2815
2817
2820
2822
2825
2827
2830
2833
2840
2841
2842
2845
2847
2850
2856
2857
2861
2864
2865
2867
2869
2872
2876
2878
2879
2880
2881
2883
2885
2887
2890
2891
2893
2894
2899
2902
2903
2905
2908
2909
2912
2913
2915
2916
2918
2921
2925
2926
2928
2929
2937
2938
2939
2940
2946
2947
2949
2953
2957
2964
2966
2967
2968
2976
2978
2983
2986
2991
2993
2994
2996
2997
2998
2999
3000
3001
3002
3005
3006
3008
3012
3013
3015
3018
3026
3030
3032
3039
3040
3043
3046
3047
3053
3056
3057
3058
3059
3063
3067
3068
3070
3072
3073
3077
3079
3080
3081
3082
3090
3092
3096
3097
3098
3099
3100
3102
3106
3107
3109
3110
3111
3113
3114
3115
3116
3117
3119
3121
3130
3131
3132
3133
3134
3138
3142
3143
3145
3146
3147
3149
3151
3153
3154
3156
3158
3159
3160
3162
3164
3165
3169
3171
3172
3179
3180
3184
3188
3189
3191
3195
3197
3198
3201
3202
3206
3209
3210
3211
3213
3214
3215
3221
3226
3229
3232
3234
3239
3241
3242
3244
3246
3250
3251
3257
3258
3260
3262
3264
3267
3268
3269
3271
3274
3275
3276
3280
3283
3284
3286
3290
3291
3292
3293
3296
3298
3299
3301
3302
3309
3311
3313
3315
3317
3318
3323
3324
3326
3328
3332
3337
3339
3340
3342
3346
3347
3349
3356
3361
3362
3363
3365
3366
3368
3371
3373
3375
3376
3377
3379
3382
3383
3384
3385
3388
3391
3394
3396
3400
3402
3403
3405
3406
3409
3410
3411
3415
3419
3422
3423
3424
3428
3432
3433
3434
3435
3436
3437
3439
3442
3444
3449
3450
3451
3454
3457
3458
3460
3463
3466
3468
3470
3471
3473
3475
3476
3483
3484
3486
3487
3489
3490
3492
3493
3494
3495
3497
3499
3502
3504
3505
3507
3508
3511
3513
3517
3521
3522
3523
3525
3527
3528
3529
3534
3537
3540
3541
3547
3553
3554
3556
3557
3558
3559
3561
3562
3565
3566
3568
3569
3570
3571
3572
3573
3575
3578
3579
3583
3584
3588
3591
3594
3595
3596
3598
3599
3600
3604
3606
3610
3611
3612
3614
3617
3619
3620
3621
3622
3624
3627
3628
3630
3634
3635
3640
3643
3644
3647
3648
3651
3654
3655
3656
3658
3659
3660
3662
3665
3669
3671
3674
3676
3680
3682
3683
3684
3685
3688
3691
3694
3697
3698
3699
3700
3702
3703
3706
3707
3708
3711
3713
3716
3717
3719
3720
3721
3723
3726
3728
3729
3730
3733
3734
3736
3741
3746
3747
3750
3758
3761
3762
3764
3765
3768
3769
3772
3773
3777
3778
3781
3782
3784
3787
3792
3793
3796
3797
3798
3800
3802
3804
3805
3810
3813
3815
3817
3819
3822
3824
3825
3829
3835
3836
3837
3838
3842
3845
3848
3850
3851
3853
3856
3859
3860
3861
3863
3867
3868
3870
3871
3872
3873
3874
3876
3877
3883
3886
3887
3889
3891
3893
3894
3898
3899
3900
3901
3906
3907
3908
3912
3913
3917
3922
3924
3925
3926
3928
3929
3930
3931
3932
3934
3936
3937
3938
3942
3943
3944
3947
3949
3950
3952
3954
3960
3961
3963
3964
3965
3968
3969
3971
3972
3973
3974
3977
3980
3984
3985
3986
3991
3994
4001
4003
4006
4011
4012
4014
4015
4017
4022
4024
4026
4028
4030
4031
4033
4034
4036
4037
4039
4040
4041
4043
4044
4047
4048
4049
4050
4055
4059
4061
4066
4068
4070
4071
4073
4075
4077
4078
4079
4080
4085
4089
4091
4095
4096
4100
4101
4104
4106
4107
4109
4112
4113
4121
4122
4123
4126
4130
4131
4132
4134
4136
4137
4139
4141
4142
4149
4152
4154
4155
4156
4159
4160
4161
4162
4163
4167
4172
4174
4176
4177
4178
4181
4183
4189
4194
4195
4196
4197
4198
4199
4200
4202
4203
4204
4207
4208
4209
4210
4211
4212
4216
4218
4220
4221
4222
4224
4225
4226
4230
4235
4238
4241
4242
4246
4247
4248
4253
4254
4255
4257
4258
4260
4262
4264
4265
4270
4271
4273
4274
4276
4277
4278
4279
4285
4287
4291
4294
4295
4297
4299
4300
4303
4308
4310
4311
4312
4313
4314
4317
4318
4320
4321
4323
4329
4330
4334
4336
4338
4344
4346
4351
4354
4357
4358
4359
4361
4364
4367
4370
4371
4372
4373
4376
4379
4380
4381
4384
4390
4391
4392
4393
4398
4399
4400
4402
4403
4408
4410
4413
4414
4415
4420
4423
4425
4429
4430
4436
4441
4442
4445
4449
4450
4451
4453
4454
4455
4457
4458
4459
4461
4462
4470
4471
4476
4479
4480
4482
4487
4493
4495
4501
4503
4504
4506
4508
4513
4517
4518
4521
4523
4526
4530
4531
4532
4533
4534
4539
4541
4544
4545
4546
4547
4551
4552
4554
4555
4557
4559
4561
4562
4565
4567
4573
4574
4575
4577
4578
4580
4589
4593
4598
4599
4601
4603
4607
4608
4610
4612
4614
4615
4616
4617
4618
4619
4620
4623
4625
4629
4630
4634
4636
4637
4638
4644
4647
4649
4650
4651
4652
4653
4654
4657
4660
4664
4665
4668
4670
4671
4672
4673
4675
4677
4678
4680
4686
4689
4693
4694
4698
4701
4702
4703
4707
4711
4713
4714
4715
4717
4718
4722
4726
4728
4732
4735
4736
4737
4738
4739
4740
4745
4747
4748
4753
4754
4755
4757
4760
4761
4762
4763
4764
4765
4766
4768
4769
4772
4773
4775
4776
4777
4778
4779
4780
4784
4786
4787
4790
4791
4792
4797
4799
4800
4801
4805
4806
4807
4808
4809
4810
4811
4812
4813
4817
4822
4824
4825
4826
4827
4829
4831
4832
4833
4838
4839
4842
4849
4850
4851
4857
4858
4860
4861
4862
4864
4866
4874
4875
4877
4880
4881
4882
4883
4885
4887
4888
4889
4891
4892
4894
4895
4897
4899
4901
4903
4905
4909
4911
4913
4914
4915
4917
4918
4920
4921
4923
4924
4928
4929
4932
4933
4934
4935
4936
4938
4939
4947
4950
4952
4953
4958
4959
4961
4962
4963
4964
4966
4967
4968
4969
4970
4973
4977
4983
4988
4990
4991
4992
4993
4996
4999
5000
5002
5003
5005
5009
5010
5013
5016
5017
5018
5019
5021
5022
5023
5025
5026
5027
5028
5030
5031
5032
5038
5039
5040
5041
5044
5047
5048
5051
5055
5056
5058
5063
5068
5069
5070
5074
5081
5082
5086
5087
5088
5090
5091
5092
5096
5097
5098
5101
5103
5106
5108
5109
5110
5111
5114
5123
5128
5129
5130
5132
5137
5138
5139
5140
5141
5142
5144
5145
5146
5147
5149
5150
5151
5153
5156
5157
5159
5160
5168
5169
5172
5175
5177
5178
5179
5181
5182
5185
5188
5192
5196
5197
5199
5203
5204
5205
5206
5208
5210
5211
5216
5217
5219
5220
5224
5226
5227
5229
5231
5232
5233
5235
5237
5239
5240
5242
5244
5246
5249
5251
5252
5254
5257
5260
5261
5262
5263
5264
5270
5271
5272
5276
5277
5278
5280
5282
5287
5288
5289
5290
5291
5297
5298
5301
5302
5303
5305
5306
5307
5311
5313
5325
5326
5327
5330
5331
5334
5335
5336
5337
5338
5340
5342
5343
5346
5347
5354
5356
5357
5359
5360
5362
5365
5368
5369
5374
5375
5380
5381
5382
5384
5391
5393
5394
5396
5397
5401
5402
5403
5408
5409
5410
5413
5416
5418
5421
5427
5428
5433
5435
5438
5439
5441
5442
5443
5444
5449
5450
5454
5455
5456
5457
5459
5463
5466
5467
5468
5475
5477
5480
5483
5486
5487
5488
5490
5492
5494
5497
5498
5499
5500
5501
5502
5503
5504
5505
5506
5509
5510
5511
5515
5516
5518
5519
5523
5524
5525
5526
5528
5530
5533
5534
5542
5543
5544
5545
5548
5549
5550
5551
5553
5556
5557
5558
5565
5567
5568
5569
5573
5574
5577
5578
5580
5583
5585
5588
5589
5592
5593
5594
5595
5597
5598
5599
5602
5606
5607
5613
5615
5619
5624
5625
5629
5630
5634
5637
5638
5641
5642
5645
5646
5647
5648
5649
5651
5654
5655
5656
5660
5663
5664
5667
5670
5671
5672
5673
5674
5675
5679
5684
5687
5688
5690
5692
5693
5696
5697
5698
5699
5705
5708
5710
5711
5712
5713
5716
5723
5724
5725
5727
5730
5731
5733
5734
5735
5738
5739
5743
5745
5748
5753
5755
5756
5759
5760
5764
5765
5766
5769
5774
5777
5781
5785
5787
5788
5789
5791
5793
5796
5797
5798
5799
5800
5802
5804
5805
5806
5811
5813
5815
5816
5820
5824
5825
5827
5828
5831
5833
5834
5836
5840
5841
5847
5848
5850
5851
5853
5854
5855
5856
5858
5859
5861
5868
5871
5872
5873
5874
5878
5882
5883
5885
5887
5889
5894
5895
5896
5899
5900
5901
5902
5905
5906
5909
5910
5911
5914
5916
5917
5919
5920
5921
5927
5929
5932
5935
5942
5943
5944
5947
5948
5950
5951
5952
5953
5954
5956
5958
5961
5964
5965
5966
5968
5972
5974
5977
5979
5981
5982
5984
5985
5987
5988
5994
5995
5996
6000
6001
6002
6004
6006
6007
6013
6014
6015
6016
6017
6018
6021
6027
6028
6029
6030
6032
6035
6036
6037
6039
6041
6045
6049
6053
6059
6064
6068
6070
6071
6073
6074
6076
6079
6083
6084
6085
6087
6091
6093
6094
6097
6098
6104
6105
6106
6107
6108
6110
6114
6116
6117
6118
6120
6122
6124
6127
6128
6130
6131
6133
6134
6137
6138
6142
6143
6144
6147
6148
6150
6151
6154
6156
6157
6158
6160
6161
6163
6164
6165
6167
6168
6172
6173
6175
6176
6178
6179
6183
6186
6187
6189
6190
6191
6192
6197
6201
6203
6206
6208
6210
6211
6212
6214
6219
6220
6221
6222
6224
6225
6226
6227
6228
6230
6231
6234
6237
6238
6240
6241
6242
6245
6248
6250
6253
6257
6258
6260
6261
6263
6264
6266
6267
6268
6270
6273
6277
6278
6280
6282
6288
6289
6293
6295
6301
6306
6308
6310
6311
6312
6313
6314
6317
6321
6322
6323
6324
6326
6329
6337
6338
6340
6342
6344
6346
6347
6350
6352
6358
6360
6364
6365
6366
6368
6371
6374
6376
6377
6378
6379
6380
6383
6385
6387
6388
6389
6397
6398
6400
6404
6407
6408
6409
6411
6412
6415
6416
6417
6423
6425
6426
6427
6431
6432
6433
6434
6435
6438
6439
6442
6453
6454
6456
6462
6463
6464
6465
6466
6467
6469
6472
6475
6478
6481
6482
6486
6487
6488
6492
6495
6497
6498
6500
6501
6504
6505
6507
6509
6510
6511
6514
6515
6517
6518
6519
6524
6525
6527
6528
6529
6530
6531
6533
6534
6535
6540
6542
6544
6550
6554
6556
6557
6562
6565
6571
6572
6573
6574
6575
6579
6580
6585
6587
6589
6592
6593
6596
6598
6601
6606
6609
6612
6613
6614
6616
6618
6619
6620
6622
6627
6630
6633
6634
6636
6638
6640
6643
6645
6646
6648
6649
6650
6651
6655
6656
6657
6658
6661
6662
6664
6667
6668
6671
6672
6675
6676
6679
6680
6690
6692
6695
6696
6700
6701
6704
6705
6708
6711
6713
6715
6718
6720
6722
6724
6726
6729
6731
6736
6739
6742
6743
6744
6746
6747
6748
6749
6751
6753
6756
6759
6760
6763
6766
6767
6768
6769
6770
6774
6775
6777
6779
6780
6781
6783
6784
6785
6787
6791
6795
6796
6797
6798
6800
6801
6802
6804
6806
6807
6808
6809
6810
6814
6815
6819
6821
6822
6823
6824
6825
6826
6831
6835
6838
6840
6841
6842
6843
6844
6846
6847
6848
6849
6850
6851
6853
6856
6857
6859
6862
6864
6866
6867
6870
6872
6879
6881
6882
6886
6888
6890
6895
6897
6900
6901
6902
6903
6904
6905
6908
6909
6912
6915
6918
6920
6921
6925
6927
6928
6929
6931
6932
6936
6939
6941
6945
6948
6949
6950
6951
6953
6957
6963
6966
6970
6974
6979
6983
6986
6987
6988
6992
6995
6996
6997
6998
7005
7006
7008
7010
7013
7017
7019
7022
7025
7028
7030
7031
7035
7036
7037
7038
7040
7041
7042
7044
7045
7047
7048
7051
7052
7060
7065
7069
7071
7074
7078
7079
7080
7081
7083
7084
7085
7088
7091
7092
7094
7096
7099
7104
7109
7111
7113
7114
7116
7117
7118
7119
7122
7123
7125
7129
7132
7133
7136
7137
7138
7141
7142
7143
7147
7152
7153
7154
7155
7160
7165
7167
7168
7169
7170
7172
7174
7175
7177
7180
7181
7182
7183
7186
7189
7190
7197
7198
7201
7205
7207
7208
7209
7212
7215
7217
7218
7219
7223
7225
7227
7229
7231
7233
7236
7238
7242
7245
7247
7248
7252
7253
7256
7257
7259
7262
7263
7266
7275
7276
7277
7281
7283
7286
7287
7292
7295
7296
7300
7302
7303
7305
7306
7309
7310
7312
7314
7316
7319
7324
7325
7328
7329
7330
7333
7335
7338
7340
7341
7342
7343
7345
7347
7351
7354
7355
7356
7357
7358
7360
7361
7366
7369
7370
7371
7374
7375
7379
7381
7382
7384
7385
7387
7390
7391
7392
7393
7394
7399
7400
7405
7406
7407
7411
7412
7414
7415
7417
7419
7421
7425
7427
7431
7432
7437
7442
7446
7449
7451
7453
7455
7456
7458
7460
7461
7463
7466
7467
7468
7469
7473
7475
7477
7478
7479
7480
7481
7486
7487
7489
7490
7491
7492
7493
7497
7498
7501
7507
7509
7510
7511
7513
7515
7517
7521
7522
7525
7528
7530
7536
7537
7541
7543
7548
7551
7552
7555
7557
7564
7567
7569
7571
7572
7575
7576
7577
7578
7581
7582
7584
7586
7587
7591
7592
7597
7599
7600
7607
7613
7614
7615
7616
7619
7620
7621
7622
7623
7624
7627
7632
7633
7634
7635
7640
7643
7644
7645
7646
7649
7650
7652
7656
7659
7662
7664
7667
7668
7670
7673
7675
7677
7678
7686
7695
7696
7699
7700
7701
7702
7703
7705
7706
7707
7710
7713
7715
7716
7717
7723
7725
7726
7730
7731
7732
7733
7734
7735
7741
7743
7745
7746
7749
7753
7755
7758
7760
7761
7768
7769
7771
7774
7777
7778
7780
7784
7786
7790
7791
7792
7793
7794
7796
7801
7803
7805
7808
7809
7812
7813
7814
7816
7820
7823
7825
7827
7828
7831
7832
7835
7836
7838
7839
7840
7841
7845
7847
7848
7850
7857
7858
7860
7862
7863
7867
7869
7870
7874
7875
7879
7881
7883
7885
7888
7893
7895
7896
7897
7898
7900
7901
7903
7905
7906
7909
7910
7911
7913
7915
7916
7918
7921
7924
7925
7926
7928
7930
7933
7934
7936
7937
7940
7942
7946
7947
7948
7949
7950
7954
7955
7957
7959
7963
7966
7967
7968
7969
7970
7973
7975
7976
7977
7979
7980
7984
7991
7993
7995
7996
7999
8000
8003
8005
8007
8011
8012
8013
8014
8018
8022
8025
8029
8031
8034
8035
8037
8040
8041
8043
8044
8045
8046
8047
8048
8050
8051
8058
8062
8063
8064
8065
8068
8072
8073
8074
8075
8076
8077
8078
8079
8080
8086
8089
8090
8092
8097
8102
8103
8104
8106
8107
8111
8116
8117
8118
8119
8121
8133
8138
8140
8142
8143
8144
8145
8146
8148
8151
8154
8155
8158
8159
8162
8163
8165
8169
8170
8172
8173
8175
8181
8183
8187
8191
8193
8194
8196
8197
8201
8202
8203
8204
8205
8211
8216
8221
8222
8228
8235
8238
8240
8243
8244
8245
8247
8248
8249
8252
8253
8256
8260
8262
8268
8269
8272
8275
8276
8277
8278
8279
8280
8286
8289
8290
8291
8292
8293
8295
8297
8298
8300
8303
8304
8306
8308
8309
8313
8315
8317
8318
8319
8320
8321
8322
8323
8328
8329
8330
8334
8337
8341
8342
8344
8345
8350
8351
8352
8358
8359
8360
8362
8363
8366
8370
8371
8372
8374
8376
8377
8381
8391
8392
8394
8395
8396
8398
8399
8400
8403
8404
8406
8407
8408
8412
8413
8414
8415
8416
8417
8418
8422
8424
8428
8429
8430
8431
8434
8435
8438
8439
8440
8441
8442
8443
8444
8445
8447
8448
8454
8455
8456
8458
8459
8466
8469
8471
8474
8476
8478
8484
8485
8487
8488
8489
8490
8491
8499
8500
8502
8503
8504
8505
8506
8508
8511
8515
8516
8519
8521
8523
8525
8527
8529
8537
8538
8539
8541
8542
8543
8544
8547
8548
8549
8550
8551
8553
8554
8555
8556
8557
8560
8561
8569
8570
8576
8579
8580
8581
8583
8585
8587
8590
8592
8593
8598
8600
8601
8602
8606
8608
8612
8617
8619
8621
8622
8623
8624
8626
8633
8636
8640
8642
8643
8647
8649
8651
8652
8655
8657
8661
8662
8663
8666
8668
8669
8670
8673
8675
8677
8678
8680
8681
8683
8684
8686
8687
8690
8691
8694
8697
8699
8700
8703
8707
8708
8711
8712
8713
8716
8722
8723
8728
8729
8730
8737
8739
8744
8746
8747
8748
8750
8751
8752
8753
8754
8755
8756
8759
8761
8762
8765
8766
8767
8769
8772
8773
8774
8775
8776
8777
8778
8779
8781
8783
8785
8788
8789
8790
8792
8793
8794
8798
8799
8801
8802
8803
8806
8810
8814
8818
8819
8820
8821
8825
8827
8828
8835
8838
8839
8844
8845
8846
8847
8850
8855
8857
8860
8865
8867
8869
8875
8878
8879
8881
8883
8885
8887
8888
8890
8893
8895
8899
8900
8904
8907
8910
8913
8919
8920
8922
8924
8928
8929
8932
8933
8940
8942
8944
8945
8946
8949
8950
8954
8957
8958
8960
8961
8962
8966
8973
8975
8976
8981
8982
8984
8985
8989
8990
8994
8997
8998
8999
9001
9003
9004
9005
9006
9008
9009
9010
9011
9012
9014
9016
9017
9020
9024
9025
9033
9034
9038
9039
9040
9043
9046
9048
9051
9058
9060
9061
9064
9066
9068
9071
9072
9073
9076
9078
9080
9084
9085
9086
9089
9091
9094
9096
9098
9103
9106
9108
9109
9110
9113
9115
9116
9117
9119
9120
9121
9124
9125
9127
9128
9130
9135
9136
9140
9142
9144
9145
9149
9152
9156
9158
9161
9162
9163
9165
9170
9173
9174
9178
9179
9183
9184
9185
9186
9187
9191
9192
9193
9198
9202
9203
9207
9209
9212
9213
9215
9216
9217
9218
9221
9224
9226
9227
9228
9232
9234
9235
9236
9240
9243
9244
9245
9246
9247
9249
9250
9252
9254
9257
9258
9259
9262
9263
9265
9266
9269
9270
9271
9274
9275
9276
9281
9284
9285
9287
9289
9292
9293
9296
9298
9299
9302
9304
9307
9311
9318
9319
9320
9323
9328
9329
9330
9331
9333
9334
9335
9337
9338
9340
9341
9342
9343
9347
9349
9351
9352
9356
9358
9359
9360
9362
9366
9367
9369
9371
9372
9373
9374
9375
9376
9383
9384
9389
9390
9392
9393
9399
9400
9405
9410
9411
9414
9415
9417
9419
9423
9424
9425
9426
9431
9433
9434
9435
9436
9437
9439
9441
9442
9443
9444
9446
9450
9451
9454
9455
9456
9458
9459
9460
9461
9463
9465
9467
9468
9471
9472
9474
9475
9476
9479
9480
9481
9482
9485
9487
9488
9489
9490
9491
9493
9494
9495
9496
9500
9502
9505
9506
9511
9512
9513
9515
9518
9519
9522
9523
9525
9532
9533
9534
9535
9536
9541
9542
9543
9546
9548
9549
9554
9555
9556
9567
9569
9572
9573
9581
9583
9585
9586
9587
9588
9593
9601
9603
9604
9606
9607
9608
9609
9610
9614
9615
9616
9617
9619
9622
9623
9627
9628
9633
9634
9637
9638
9641
9642
9644
9648
9649
9651
9653
9657
9658
9661
9663
9664
9665
9666
9669
9670
9672
9673
9675
9676
9678
9682
9683
9685
9686
9687
9692
9697
9698
9699
9703
9704
9706
9711
9714
9716
9719
9720
9721
9722
9723
9724
9728
9733
9735
9736
9737
9738
9741
9742
9749
9751
9757
9760
9762
9763
9764
9765
9766
9768
9769
9772
9777
9782
9783
9784
9785
9786
9787
9788
9791
9792
9795
9796
9797
9799
9800
9802
9803
9804
9805
9808
9809
9810
9811
9815
9816
9817
9819
9822
9823
9826
9827
9828
9829
9830
9833
9836
9838
9839
9842
9844
9850
9851
9852
9854
9855
9857
9859
9860
9861
9862
9864
9865
9866
9868
9869
9871
9873
9874
9875
9876
9879
9880
9884
9886
9889
9895
9898
9906
9907
9908
9910
9912
9913
9914
9919
9921
9922
9923
9924
9926
9933
9934
9935
9937
9944
9947
9948
9949
9954
9955
9956
9958
9960
9961
9962
9964
9965
9966
9967
9969
9970
9972
9974
9975
9976
9984
9985
9986
9989
9990
10006
10007
10008
10009
10012
10013
10016
10017
10021
10024
10025
10026
10028
10033
10040
10041
10044
10046
10047
10052
10054
10060
10065
10069
10071
10072
10075
10078
10082
10083
10085
10086
10087
10088
10089
10091
10095
10098
10099
10102
10103
10104
10106
10108
10113
10114
10116
10118
10119
10121
10122
10123
10126
10127
10132
10133
10134
10135
10143
10146
10147
10151
10152
10154
10158
10162
10163
10165
10166
10169
10172
10177
10178
10179
10180
10183
10184
10186
10188
10189
10191
10194
10201
10202
10203
10206
10207
10208
10211
10212
10220
10225
10227
10228
10230
10233
10234
10237
10239
10242
10245
10246
10252
10253
10254
10261
10262
10265
10266
10267
10268
10270
10275
10276
10278
10279
10280
10284
10286
10287
10288
10289
10290
10294
10297
10300
10301
10303
10305
10306
10307
10308
10309
10310
10311
10313
10317
10320
10321
10324
10326
10327
10332
10334
10336
10340
10343
10344
10345
10346
10347
10348
10362
10364
10366
10367
10368
10369
10373
10374
10375
10378
10379
10383
10384
10385
10386
10390
10393
10394
10396
10397
10398
10400
10401
10403
10404
10405
10406
10407
10409
10413
10414
10416
10418
10421
10424
10425
10426
10428
10431
10432
10434
10435
10437
10438
10439
10440
10442
10444
10445
10446
10453
10454
10456
10458
10459
10462
10466
10467
10469
10475
10476
10477
10480
10483
10485
10486
10488
10489
10506
10507
10508
10511
10512
10516
10519
10522
10523
10525
10526
10527
10530
10532
10533
10536
10544
10545
10546
10547
10548
10549
10555
10557
10562
10565
10569
10570
10573
10584
10586
10587
10590
10591
10592
10595
10603
10605
10606
10607
10609
10611
10614
10615
10616
10617
10620
10621
10629
10630
10632
10633
10636
10638
10641
10643
10645
10646
10648
10652
10653
10660
10663
10666
10674
10675
10680
10681
10683
10684
10686
10688
10689
10693
10694
10695
10696
10697
10698
10699
10701
10702
10704
10709
10710
10713
10714
10715
10717
10723
10724
10725
10727
10728
10730
10732
10734
10735
10736
10738
10740
10741
10742
10743
10744
10745
10746
10747
10749
10751
10752
10754
10757
10764
10766
10767
10768
10769
10770
10773
10775
10779
10780
10783
10785
10786
10787
10790
10793
10796
10798
10800
10801
10803
10809
10810
10811
10814
10815
10816
10817
10818
10819
10821
10822
10823
10824
10825
10827
10831
10837
10838
10840
10842
10843
10848
10849
10855
10863
10865
10866
10868
10872
10875
10878
10879
10881
10883
10884
10887
10888
10890
10891
10896
10897
10901
10904
10906
10907
10914
10915
10918
10919
10922
10923
10924
10925
10928
10930
10933
10934
10936
10937
10938
10939
10940
10942
10950
10951
10953
10954
10957
10959
10962
10963
10964
10967
10968
10970
10975
10977
10980
10981
10984
10985
10986
10988
10991
10993
10994
10995
10997
11001
11002
11004
11005
11006
11009
11010
11012
11014
11015
11016
11018
11023
11025
11026
11027
11029
11031
11032
11033
11035
11036
11038
11039
11040
11043
11045
11046
11048
11049
11050
11052
11053
11054
11056
11058
11060
11061
11062
11068
11069
11072
11073
11075
11077
11082
11083
11084
11085
11086
11090
11094
11096
11097
11098
11099
11100
11101
11102
11103
11105
11107
11108
11109
11110
11111
11114
11117
11120
11126
11130
11131
11133
11134
11139
11140
11141
11143
11146
11149
11161
11163
11164
11167
11169
11170
11173
11176
11178
11182
11187
11188
11191
11193
11195
11196
11199
11200
11201
11203
11207
11208
11210
11211
11212
11213
11214
11215
11217
11218
11219
11222
11223
11224
11229
11233
11235
11237
11241
11248
11249
11251
11252
11254
11256
11258
11259
11261
11263
11264
11267
11268
11269
11272
11273
11283
11285
11288
11289
11298
11300
11302
11305
11308
11309
11313
11314
11316
11317
11319
11321
11322
11323
11326
11328
11336
11337
11343
11344
11346
11347
11348
11350
11351
11355
11358
11359
11360
11361
11362
11363
11364
11366
11367
11369
11372
11373
11375
11377
11378
11379
11380
11381
11383
11385
11387
11389
11392
11395
11396
11397
11398
11402
11403
11406
11409
11410
11415
11417
11418
11419
11420
11422
11423
11426
11429
11430
11431
11432
11433
11434
11437
11439
11440
11441
11442
11443
11445
11449
11450
11451
11453
11454
11456
11457
11458
11460
11461
11462
11468
11470
11471
11472
11473
11474
11479
11482
11483
11484
11488
11489
11490
11491
11492
11493
11498
11499
11500
11502
11503
11504
11505
11506
11508
11511
11514
11516
11519
11520
11522
11525
11527
11529
11535
11536
11539
11540
11543
11545
11547
11548
11552
11554
11555
11558
11561
11562
11564
11566
11567
11568
11569
11570
11580
11587
11588
11594
11597
11600
11601
11607
11609
11614
11616
11618
11619
11624
11626
11627
11630
11631
11633
11634
11635
11636
11638
11639
11644
11645
11647
11648
11650
11651
11652
11653
11654
11655
11656
11657
11659
11661
11662
11663
11664
11665
11670
11671
11672
11676
11679
11680
11681
11683
11685
11686
11687
11691
11692
11694
11696
11697
11698
11700
11704
11705
11711
11713
11714
11715
11717
11719
11722
11723
11726
11728
11729
11731
11732
11733
11734
11735
11737
11739
11741
11742
11743
11745
11746
11752
11753
11754
11755
11756
11759
11760
11767
11772
11773
11774
11778
11779
11780
11783
11785
11787
11789
11790
11792
11793
11795
11796
11798
11799
11807
11809
11810
11812
11815
11817
11824
11825
11826
11829
11830
11832
11834
11836
11839
11841
11843
11844
11845
11850
11851
11853
11856
11858
11863
11864
11867
11873
11875
11878
11880
11881
11883
11884
11885
11886
11888
11890
11896
11897
11898
11900
11901
11906
11907
11912
11915
11920
11921
11923
11925
11926
11929
11930
11932
11933
11934
11935
11936
11937
11938
11941
11943
11944
11945
11946
11947
11949
11951
11952
11953
11955
11957
11959
11960
11963
11965
11967
11968
11969
11970
11975
11976
11980
11981
11982
11983
11984
11989
11990
11991
11992
11993
11999
12004
12006
12007
12008
12011
12012
12013
12014
12015
12016
12018
12019
12020
12022
12025
12031
12032
12034
12036
12037
12038
12045
12046
12052
12053
12057
12058
12063
12064
12066
12069
12070
12073
12074
12076
12077
12078
12079
12082
12092
12093
12094
12096
12102
12107
12109
12110
12111
12113
12115
12117
12120
12121
12122
12125
12126
12128
12129
12131
12133
12135
12136
12137
12139
12141
12145
12149
12150
12151
12152
12156
12161
12164
12169
12170
12171
12172
12173
12174
12175
12177
12178
12179
12182
12183
12184
12188
12191
12196
12201
12205
12208
12211
12212
12213
12214
12215
12216
12220
12221
12222
12223
12224
12225
12226
12228
12229
12230
12231
12233
12238
12240
12242
12245
12246
12247
12250
12254
12256
12260
12265
12267
12268
12270
12271
12274
12276
12279
12282
12284
12286
12288
12290
12293
12297
12299
12300
12305
12306
12307
12309
12318
12319
12320
12322
12324
12327
12328
12330
12331
12336
12340
12342
12344
12345
12346
12349
12356
12360
12362
12366
12367
12369
12373
12375
12379
12380
12384
12388
12391
12392
12393
12394
12396
12397
12402
12404
12406
12407
12409
12410
12411
12412
12414
12415
12416
12418
12419
12421
12423
12427
12428
12430
12436
12441
12443
12445
12447
12450
12451
12452
12453
12454
12455
12458
12460
12465
12469
12472
12473
12474
12475
12476
12477
12479
12480
12481
12483
12485
12486
12492
12494
12495
12498
12500
12501
12502
12505
12506
12508
12509
12510
12511
12513
12514
12516
12517
12520
12522
12525
12527
12528
12530
12531
12534
12538
12542
12547
12549
12550
12552
12553
12556
12557
12559
12564
12568
12569
12571
12572
12573
12575
12576
12580
12582
12585
12586
12587
12589
12591
12592
12597
12598
12601
12602
12605
12606
12607
12609
12611
12615
12616
12618
12619
12622
12627
12629
12632
12634
12635
12638
12640
12641
12642
12643
12644
12646
12648
12649
12651
12654
12655
12656
12657
12658
12663
12664
12668
12670
12671
12673
12674
12675
12676
12678
12680
12681
12682
12684
12685
12692
12693
12695
12697
12701
12703
12707
12708
12709
12710
12712
12716
12721
12722
12723
12726
12727
12728
12731
12735
12736
12739
12742
12743
12744
12747
12749
12751
12752
12754
12755
12758
12759
12760
12762
12764
12765
12766
12767
12768
12770
12772
12773
12778
12779
12783
12788
12791
12793
12794
12796
12802
12803
12804
12805
12808
12809
12810
12811
12812
12814
12817
12818
12819
12820
12822
12824
12825
12826
12827
12828
12830
12834
12836
12838
12839
12840
12842
12845
12846
12847
12848
12851
12852
12854
12855
12857
12859
12862
12868
12869
12870
12872
12873
12874
12876
12877
12880
12881
12882
12883
12885
12886
12893
12894
12895
12901
12904
12905
12906
12910
12915
12916
12922
12926
12927
12929
12930
12931
12932
12933
12934
12936
12937
12939
12940
12942
12943
12944
12945
12947
12948
12950
12951
12952
12955
12957
12959
12962
12967
12968
12969
12970
12971
12976
12978
12979
12980
12981
12984
12985
12987
12992
12994
12997
13002
13004
13005
13010
13011
13012
13014
13015
13017
13018
13021
13022
13026
13027
13029
13030
13031
13035
13036
13040
13043
13047
13050
13052
13054
13055
13057
13058
13063
13066
13067
13068
13070
13075
13076
13078
13082
13083
13085
13086
13088
13089
13091
13092
13096
13097
13104
13105
13106
13107
13108
13111
13112
13113
13114
13118
13119
13120
13123
13124
13131
13134
13135
13140
13141
13142
13143
13150
13151
13155
13159
13162
13173
13175
13176
13177
13178
13180
13184
13186
13187
13188
13189
13190
13192
13193
13194
13196
13198
13199
13200
13201
13204
13206
13207
13212
13214
13215
13218
13221
13226
13229
13232
13239
13240
13241
13243
13244
13248
13249
13250
13254
13255
13256
13257
13258
13260
13261
13263
13268
13269
13272
13273
13274
13276
13282
13283
13285
13286
13287
13290
13292
13295
13296
13297
13301
13303
13305
13307
13308
13309
13310
13315
13317
13318
13319
13321
13322
13323
13324
13325
13328
13329
13330
13333
13336
13337
13338
13341
13342
13343
13348
13352
13353
13355
13356
13357
13364
13365
13367
13368
13369
13371
13375
13376
13377
13378
13380
13382
13384
13386
13392
13393
13396
13399
13401
13403
13405
13409
13411
13412
13414
13415
13416
13419
13420
13422
13423
13424
13425
13430
13431
13433
13436
13438
13440
13441
13442
13443
13445
13446
13451
13454
13459
13462
13466
13472
13475
13478
13479
13480
13481
13482
13483
13485
13486
13488
13492
13494
13495
13498
13499
13501
13504
13505
13507
13508
13515
13516
13517
13521
13522
13526
13527
13536
13541
13548
13549
13550
13551
13552
13554
13555
13556
13559
13563
13565
13569
13570
13571
13572
13573
13575
13578
13579
13581
13584
13586
13589
13591
13592
13593
13595
13598
13600
13601
13602
13603
13608
13609
13610
13612
13613
13615
13616
13617
13619
13620
13623
13625
13629
13633
13634
13636
13637
13638
13642
13645
13646
13647
13653
13655
13656
13657
13658
13662
13665
13670
13674
13676
13679
13681
13682
13687
13688
13691
13693
13694
13699
13700
13701
13708
13709
13712
13716
13724
13728
13729
13730
13731
13733
13736
13737
13738
13739
13740
13742
13743
13750
13751
13752
13755
13757
13758
13759
13760
13764
13767
13769
13774
13781
13786
13790
13794
13795
13796
13797
13798
13799
13800
13803
13805
13806
13807
13808
13811
13812
13814
13815
13817
13818
13819
13822
13824
13825
13829
13830
13831
13835
13838
13839
13840
13844
13848
13849
13850
13852
13853
13854
13855
13856
13862
13863
13865
13866
13869
13870
13875
13876
13878
13879
13882
13883
13885
13887
13890
13891
13893
13896
13897
13901
13902
13903
13908
13912
13913
13914
13917
13923
13924
13926
13930
13931
13933
13934
13935
13936
13939
13941
13943
13944
13948
13950
13956
13959
13962
13963
13964
13965
13968
13971
13975
13980
13983
13984
13987
13990
13992
13993
13995
14006
14007
14008
14011
14014
14016
14017
14019
14021
14022
14023
14027
14030
14031
14032
14033
14036
14041
14048
14049
14052
14055
14056
14062
14068
14069
14072
14075
14076
14079
14080
14082
14084
14085
14088
14096
14098
14099
14100
14101
14105
14106
14107
14108
14110
14112
14116
14120
14121
14123
14124
14126
14128
14130
14134
14136
14138
14139
14140
14142
14143
14146
14148
14149
14151
14153
14156
14157
14158
14161
14162
14163
14164
14165
14168
14172
14173
14175
14179
14181
14183
14186
14193
14194
14196
14199
14200
14202
14207
14208
14209
14212
14213
14214
14215
14217
14218
14220
14221
14223
14224
14226
14230
14231
14232
14234
14235
14236
14244
14247
14249
14252
14253
14256
14257
14259
14260
14263
14269
14270
14271
14273
14275
14276
14277
14278
14283
14287
14290
14291
14294
14295
14297
14301
14302
14306
14307
14309
14310
14312
14313
14314
14316
14322
14324
14326
14327
14329
14330
14331
14332
14333
14334
14335
14337
14342
14344
14352
14355
14358
14363
14370
14373
14376
14377
14378
14381
14382
14386
14387
14389
14390
14391
14393
14396
14399
14401
14402
14403
14404
14406
14408
14411
14412
14413
14414
14417
14421
14426
14427
14429
14430
14432
14434
14435
14439
14440
14441
14443
14444
14445
14447
14448
14450
14452
14454
14455
14456
14458
14460
14462
14465
14466
14467
14468
14471
14472
14474
14475
14478
14480
14486
14488
14489
14494
14501
14505
14508
14511
14522
14523
14524
14527
14528
14533
14540
14543
14544
14545
14547
14549
14550
14551
14552
14553
14556
14559
14562
14563
14564
14566
14568
14570
14571
14572
14573
14578
14579
14580
14581
14582
14583
14586
14587
14588
14589
14595
14597
14601
14602
14604
14606
14610
14613
14616
14620
14623
14624
14625
14629
14630
14631
14632
14634
14635
14636
14637
14640
14641
14642
14645
14646
14648
14649
14650
14652
14653
14654
14655
14658
14659
14660
14661
14663
14664
14672
14673
14675
14676
14677
14679
14681
14682
14683
14685
14688
14689
14690
14691
14695
14697
14699
14700
14703
14705
14706
14707
14708
14710
14714
14715
14718
14719
14720
14721
14722
14724
14729
14733
14735
14736
14737
14738
14743
14746
14747
14749
14751
14755
14756
14757
14758
14763
14765
14766
14767
14768
14769
14770
14780
14782
14783
14784
14786
14790
14798
14801
14803
14804
14809
14810
14813
14815
14817
14818
14820
14821
14823
14825
14827
14828
14829
14832
14833
14834
14836
14837
14838
14839
14841
14845
14849
14850
14851
14855
14856
14862
14869
14876
14877
14879
14880
14882
14885
14888
14891
14893
14894
14895
14897
14900
14902
14905
14906
14908
14909
14912
14913
14914
14917
14918
14919
14921
14926
14932
14934
14935
14938
14941
14944
14945
14946
14947
14950
14952
14956
14957
14959
14960
14961
14962
14963
14965
14966
14967
14969
14971
14972
14973
14974
14975
14979
14980
14981
14982
14986
14987
14988
14990
14992
14994
14995
14998
15002
15003
15005
15011
15018
15019
15022
15023
15025
15026
15033
15036
15037
15038
15039
15043
15044
15045
15047
15050
15053
15055
15058
15062
15063
15064
15068
15069
15073
15074
15075
15077
15079
15080
15083
15086
15088
15089
15092
15094
15096
15098
15100
15101
15103
15104
15107
15112
15114
15115
15116
15118
15119
15123
15124
15126
15127
15128
15130
15131
15132
15133
15134
15135
15137
15140
15142
15143
15149
15151
15153
15154
15155
15157
15161
15162
15165
15172
15174
15176
15180
15182
15183
15188
15190
15192
15194
15197
15198
15199
15200
15202
15204
15207
15208
15210
15211
15214
15218
15222
15225
15227
15230
15233
15234
15235
15236
15237
15238
15245
15248
15249
15250
15253
15254
15255
15260
15262
15266
15267
15268
15269
15270
15271
15272
15273
15275
15282
15283
15285
15288
15291
15294
15295
15296
15298
15300
15301
15302
15304
15310
15312
15314
15316
15318
15319
15320
15322
15325
15328
15333
15334
15336
15337
15339
15343
15345
15346
15350
15352
15354
15355
15356
15357
15362
15363
15366
15368
15372
15378
15380
15383
15385
15391
15392
15394
15395
15396
15397
15403
15404
15412
15415
15416
15417
15418
15419
15423
15424
15425
15427
15428
15429
15431
15432
15433
15434
15435
15440
15441
15442
15444
15445
15447
15449
15450
15452
15454
15455
15458
15459
15461
15462
15463
15465
15468
15469
15471
15472
15474
15476
15478
15480
15484
15487
15489
15494
15496
15499
15501
15502
15507
15508
15519
15521
15522
15525
15527
15528
15529
15531
15532
15538
15541
15543
15544
15545
15546
15547
15549
15550
15553
15554
15555
15556
15560
15561
15567
15571
15573
15574
15576
15578
15579
15580
15581
15583
15587
15589
15590
15593
15594
15595
15596
15599
15600
15601
15603
15604
15605
15606
15611
15613
15616
15619
15620
15621
15624
15625
15628
15630
15631
15633
15635
15637
15640
15641
15644
15651
15652
15653
15655
15656
15660
15662
15663
15664
15671
15673
15674
15678
15679
15680
15686
15688
15689
15690
15693
15696
15698
15700
15703
15706
15708
15710
15711
15712
15715
15717
15719
15721
15723
15725
15730
15733
15735
15736
15737
15740
15744
15748
15750
15752
15754
15755
15756
15759
15760
15763
15764
15766
15767
15771
15772
15774
15775
15777
15779
15781
15786
15789
15790
15791
15792
15797
15803
15805
15807
15808
15809
15814
15818
15819
15821
15823
15826
15828
15833
15837
15839
15840
15842
15843
15851
15852
15855
15857
15858
15862
15863
15867
15870
15873
15882
15883
15884
15886
15887
15894
15898
15899
15901
15903
15904
15906
15907
15908
15909
15910
15911
15915
15916
15919
15920
15924
15926
15929
15930
15933
15934
15936
15937
15939
15944
15947
15948
15949
15950
15953
15955
15956
15957
15958
15961
15962
15963
15964
15967
15970
15971
15972
15973
15976
15977
15979
15980
15981
15982
15983
15988
15989
15992
15993
15995
15996
16002
16004
16005
16007
16008
16010
16011
16012
16015
16019
16022
16023
16025
16027
16030
16032
16035
16041
16042
16043
16047
16052
16053
16055
16061
16063
16064
16067
16069
16074
16075
16077
16082
16086
16092
16093
16095
16096
16097
16098
16102
16103
16108
16109
16110
16111
16114
16115
16117
16118
16120
16121
16122
16124
16125
16131
16133
16134
16135
16136
16139
16140
16141
16142
16143
16145
16147
16150
16151
16152
16153
16157
16160
16161
16164
16166
16168
16173
16174
16175
16176
16177
16178
16179
16182
16185
16186
16194
16198
16200
16202
16203
16208
16210
16211
16218
16219
16221
16223
16225
16226
16227
16228
16230
16231
16233
16234
16235
16236
16237
16239
16241
16242
16243
16245
16246
16247
16248
16249
16251
16252
16253
16255
16256
16258
16261
16262
16263
16264
16266
16268
16276
16278
16280
16284
16285
16289
16295
16297
16304
16305
16306
16313
16314
16317
16319
16320
16323
16324
16328
16333
16338
16339
16340
16342
16343
16344
16345
16346
16349
16353
16354
16355
16357
16360
16363
16364
16367
16368
16369
16371
16373
16374
16378
16382
16383
16385
16386
16392
16395
16396
16401
16402
16406
16407
16408
16410
16413
16414
16415
16420
16421
16425
16427
16430
16431
16433
16434
16435
16436
16437
16443
16444
16445
16446
16447
16449
16452
16454
16457
16458
16459
16462
16464
16465
16467
16468
16470
16471
16478
16479
16481
16482
16483
16488
16489
16490
16492
16494
16495
16496
16497
16504
16507
16508
16509
16513
16516
16518
16519
16520
16521
16524
16525
16527
16531
16532
16535
16536
16539
16540
16541
16542
16543
16546
16547
16548
16550
16551
16553
16554
16555
16556
16557
16562
16563
16565
16569
16571
16573
16574
16575
16576
16580
16583
16588
16589
16591
16592
16595
16596
16597
16600
16602
16603
16604
16609
16613
16614
16621
16625
16626
16628
16629
16630
16631
16633
16635
16644
16645
16646
16648
16649
16652
16656
16659
16660
16661
16662
16664
16669
16672
16674
16676
16677
16681
16684
16685
16686
16689
16690
16691
16695
16698
16701
16703
16704
16705
16707
16711
16712
16713
16715
16717
16718
16719
16723
16725
16726
16727
16732
16733
16735
16737
16740
16742
16744
16745
16746
16748
16751
16752
16754
16755
16756
16760
16762
16765
16766
16767
16768
16771
16772
16773
16774
16776
16783
16785
16786
16790
16793
16794
16795
16803
16804
16805
16806
16808
16809
16815
16818
16820
16823
16824
16827
16828
16829
16839
16841
16843
16845
16846
16847
16849
16856
16864
16865
16866
16867
16868
16869
16871
16872
16873
16875
16877
16881
16883
16885
16886
16888
16889
16894
16895
16897
16898
16899
16900
16901
16905
16906
16909
16910
16912
16915
16916
16917
16923
16925
16926
16931
16933
16940
16943
16944
16946
16947
16949
16953
16959
16961
16962
16969
16970
16971
16973
16976
16979
16985
16986
16987
16988
16990
16992
16996
16997
17000
17002
17006
17008
17010
17011
17016
17018
17023
17024
17025
17027
17038
17039
17041
17044
17045
17057
17058
17059
17067
17068
17073
17074
17075
17077
17078
17081
17082
17083
17086
17087
17092
17094
17095
17096
17098
17100
17101
17102
17104
17110
17115
17116
17117
17118
17119
17120
17123
17124
17126
17127
17128
17132
17134
17136
17137
17143
17145
17146
17147
17149
17150
17152
17154
17157
17158
17161
17162
17164
17165
17166
17168
17169
17173
17174
17178
17179
17184
17186
17187
17189
17192
17204
17205
17209
17212
17220
17222
17225
17226
17231
17234
17235
17238
17245
17247
17248
17249
17250
17251
17252
17253
17255
17259
17260
17262
17264
17265
17267
17270
17271
17272
17276
17278
17281
17283
17285
17293
17294
17295
17296
17297
17298
17299
17300
17303
17305
17306
17307
17308
17309
17310
17311
17312
17313
17315
17316
17318
17319
17320
17323
17327
17328
17330
17334
17335
17338
17339
17343
17344
17346
17347
17348
17349
17350
17351
17353
17354
17356
17361
17362
17366
17368
17369
17373
17375
17377
17379
17382
17383
17384
17387
17389
17390
17391
17394
17395
17398
17399
17404
17405
17406
17408
17410
17412
17414
17419
17420
17421
17423
17424
17426
17429
17430
17431
17432
17433
17434
17436
17438
17439
17440
17441
17442
17445
17448
17450
17453
17454
17455
17457
17458
17462
17464
17466
17469
17473
17474
17476
17477
17479
17480
17482
17483
17484
17485
17486
17488
17489
17492
17493
17494
17496
17497
17500
17502
17506
17507
17510
17514
17515
17516
17519
17520
17521
17523
17524
17526
17527
17528
17529
17531
17539
17540
17542
17544
17548
17550
17555
17556
17557
17558
17559
17562
17564
17568
17572
17573
17574
17575
17577
17579
17582
17585
17586
17588
17589
17590
17594
17595
17596
17597
17598
17599
17601
17603
17605
17606
17610
17611
17613
17614
17615
17616
17621
17623
17628
17630
17632
17633
17637
17638
17639
17640
17643
17646
17648
17649
17651
17652
17655
17657
17659
17660
17663
17664
17668
17670
17671
17672
17675
17677
17678
17686
17688
17689
17690
17692
17694
17695
17696
17697
17698
17700
17702
17703
17704
17705
17709
17710
17712
17714
17716
17717
17718
17719
17721
17728
17729
17730
17731
17732
17735
17740
17743
17745
17747
17749
17751
17753
17756
17759
17763
17765
17772
17774
17778
17780
17781
17783
17784
17787
17788
17789
17792
17794
17797
17800
17801
17804
17805
17806
17807
17809
17811
17814
17815
17816
17818
17821
17822
17825
17826
17829
17831
17832
17833
17834
17837
17838
17839
17840
17842
17844
17847
17848
17850
17851
17854
17858
17861
17864
17871
17872
17873
17874
17876
17877
17878
17880
17883
17885
17887
17891
17894
17898
17900
17901
17903
17904
17906
17907
17911
17915
17917
17918
17920
17921
17923
17924
17925
17926
17928
17930
17931
17935
17936
17938
17947
17949
17953
17954
17955
17956
17958
17960
17961
17962
17963
17964
17967
17968
17969
17970
17972
17973
17975
17976
17977
17978
17979
17980
17983
17984
17985
17986
17989
17992
17994
17995
18001
18006
18007
18009
18011
18012
18015
18020
18021
18022
18024
18025
18027
18028
18031
18032
18035
18037
18038
18041
18042
18044
18045
18046
18047
18049
18051
18055
18056
18057
18058
18061
18062
18063
18064
18069
18070
18072
18073
18075
18077
18078
18080
18086
18087
18088
18090
18092
18093
18094
18095
18098
18099
18100
18102
18103
18105
18106
18107
18109
18110
18112
18115
18116
18121
18122
18124
18125
18127
18130
18134
18136
18138
18139
18142
18143
18144
18150
18151
18155
18156
18157
18160
18161
18163
18165
18166
18167
18170
18172
18173
18175
18177
18180
18183
18184
18186
18187
18189
18190
18191
18194
18195
18196
18201
18202
18207
18208
18210
18211
18212
18217
18219
18220
18221
18224
18225
18226
18227
18230
18240
18242
18243
18244
18245
18246
18247
18250
18252
18253
18254
18255
18258
18259
18260
18262
18264
18265
18266
18270
18271
18272
18273
18276
18279
18280
18281
18283
18284
18288
18289
18292
18293
18294
18297
18303
18304
18305
18306
18307
18309
18310
18311
18312
18313
18314
18316
18317
18319
18320
18321
18325
18328
18330
18331
18332
18334
18337
18338
18339
18342
18343
18344
18347
18349
18350
18354
18355
18358
18360
18361
18362
18364
18369
18370
18371
18373
18377
18378
18380
18383
18384
18386
18388
18390
18391
18392
18394
18398
18399
18400
18402
18403
18408
18410
18412
18415
18417
18420
18422
18423
18426
18427
18432
18436
18437
18439
18444
18445
18446
18448
18449
18451
18453
18454
18455
18458
18459
18460
18463
18464
18467
18468
18471
18472
18473
18475
18478
18479
18481
18483
18486
18487
18491
18492
18493
18495
18496
18499
